1662375794583 9.702371885540202 0
1662375795786 9.702371885540202 1
1662375797165 9.702371885540202 2
1662375798421 9.702371885540202 3
1662375799683 9.702371885540202 4
1662375800898 9.705367143049145 5
1662375802137 9.705367143049145 6
1662375803407 9.705367143049145 7
1662375804675 9.705367143049145 8
1662375805926 9.705367143049145 9
1662375807173 9.705367143049145 10
1662375808419 9.705367143049145 11
1662375809675 9.705367143049145 12
1662375810962 9.705367143049145 13
1662375812183 9.705367143049145 14
1662375813407 9.705367143049145 15
1662375814661 9.705367143049145 16
1662375815891 9.705367143049145 17
1662375817196 9.705367143049145 18
1662375818466 9.705367143049145 19
1662375819732 9.705367143049145 20
1662375821049 9.705367143049145 21
1662375822333 9.705367143049145 22
1662375823573 9.705367143049145 23
1662375824813 9.705367143049145 24
1662375826073 9.705367143049145 25
1662375827278 9.705367143049145 26
1662375828564 9.708543931316207 27
1662375829821 9.708543931316207 28
1662375831076 9.708543931316207 29
1662375832342 9.708543931316207 30
1662375833621 9.708543931316207 31
1662375834869 9.681125804888183 32
1662375836140 9.681125804888183 33
1662375837383 9.681125804888183 34
1662375838641 9.681125804888183 35
1662375839902 9.681125804888183 36
1662375841156 9.681125804888183 37
1662375842439 9.681125804888183 38
1662375843703 9.681125804888183 39
1662375845022 9.681125804888183 40
1662375846315 9.681125804888183 41
1662375847604 9.681125804888183 42
1662375848883 9.681125804888183 43
1662375850123 9.681125804888183 44
1662375851423 9.681125804888183 45
1662375852683 9.681125804888183 46
1662375853938 9.681125804888183 47
1662375855198 9.681125804888183 48
1662375856463 9.681125804888183 49
1662375857737 9.681125804888183 50
1662375859024 9.681125804888183 51
1662375860319 9.681125804888183 52
1662375861661 9.681125804888183 53
1662375862934 9.681125804888183 54
1662375864192 9.681125804888183 55
1662375865486 9.681125804888183 56
1662375866758 9.681125804888183 57
1662375868068 9.681125804888183 58
1662375869310 9.681125804888183 59
1662375870601 9.681125804888183 60
1662375871913 9.681125804888183 61
1662375873293 9.681125804888183 62
1662375874564 9.681125804888183 63
1662375875819 9.681125804888183 64
1662375877097 9.681125804888183 65
1662375878339 9.76816747608827 66
1662375879612 9.76816747608827 67
1662375880904 9.94007477670844 68
1662375882169 9.94007477670844 69
1662375883457 9.94007477670844 70
1662375884726 9.76816747608827 71
1662375885959 9.76816747608827 72
1662375887236 9.76816747608827 73
1662375888495 9.76816747608827 74
1662375889767 9.76816747608827 75
1662375891052 9.76816747608827 76
1662375892305 9.742780321988244 77
1662375893552 9.742780321988244 78
1662375894834 9.742780321988244 79
1662375896083 9.73960353372118 80
1662375897436 9.73960353372118 81
1662375898737 9.73960353372118 82
1662375899987 9.73960353372118 83
1662375901293 9.73960353372118 84
1662375902573 9.73960353372118 85
1662375903851 9.73960353372118 86
1662375905117 9.73960353372118 87
1662375906409 9.736608276212236 88
1662375907669 9.736608276212236 89
1662375908940 10.041231219709593 90
1662375910210 10.113238420429665 91
1662375911504 10.107893756408608 92
1662375912771 10.079242539638578 93
1662375914049 9.977556695378478 94
1662375915337 9.901004922554137 95
1662375916616 9.901004922554137 96
1662375917917 9.973012123274207 97
1662375919220 9.973012123274207 98
1662375920521 9.951891784639361 99
1662375921819 9.879884583919289 100
1662375923101 9.874944380959283 101
1662375924368 9.905408965879314 102
1662375925719 10.01203501309942 103
1662375927008 9.997923257096234 104
1662375928323 10.040516370896778 105
1662375929634 10.040516370896778 106
1662375930918 10.040516370896778 107
1662375932266 10.040516370896778 108
1662375933550 10.057999200260795 109
1662375934814 10.066919011160804 110
1662375936096 10.274368327521012 111
1662375937388 10.375459517721113 112
1662375938648 10.375459517721113 113
1662375939917 11.367504668182104 114
1662375941227 11.11320221090935 115
1662375942493 11.016392529941253 116
1662375943707 11.016392529941253 117
1662375944957 11.02357873243247 118
1662375946262 11.040948890500909 119
1662375947546 11.040948890500909 120
1662375948827 11.044092061960912 121
1662375950114 11.030039043755865 122
1662375951407 11.012668885687427 123
1662375952648 11.012668885687427 124
1662375953961 11.012668885687427 125
1662375955210 11.030039043755865 126
1662375956497 11.030039043755865 127
1662375957808 11.030039043755865 128
1662375959070 11.030039043755865 129
1662375960335 10.039940033854876 130
1662375961568 9.950836849389523 131
1662375962830 9.950836849389523 132
1662375964122 9.950836849389523 133
1662375965401 9.950836849389523 134
1662375966689 9.950836849389523 135
1662375967988 9.950836849389523 136
1662375969274 9.950836849389523 137
1662375970545 9.950836849389523 138
1662375971833 9.950836849389523 139
1662375973128 9.950836849389523 140
1662375974407 9.933466691321085 141
1662375975682 10.039705886669191 142
1662375976966 9.926551714109078 143
1662375978217 10.967752608392054 144
1662375979501 10.945794767446671 145
1662375980731 10.945794767446671 146
1662375982020 9.938629577243438 147
1662375983269 9.918002514537168 148
1662375984514 9.918002514537168 149
1662375985782 10.887356592802137 150
1662375987059 10.887356592802137 151
1662375988329 10.887356592802137 152
1662375989636 10.907983655508408 153
1662375990927 10.907983655508408 154
1662375992219 11.007009642828871 155
1662375993495 11.007009642828871 156
1662375994796 10.910199961860775 157
1662375996062 10.910199961860775 158
1662375997360 10.910199961860775 159
1662375998603 10.985051801883486 160
1662375999864 10.985051801883486 161
1662376001108 10.907983655508408 162
1662376002414 10.907983655508408 163
1662376003717 10.907983655508408 164
1662376004977 10.913942584734663 165
1662376006223 10.913942584734663 166
1662376007482 11.011755662745761 167
1662376008759 11.034684271396102 168
1662376010038 11.05279679693437 169
1662376011312 11.05279679693437 170
1662376012640 11.05279679693437 171
1662376013940 11.086841193276838 172
1662376015249 11.086841193276838 173
1662376016548 11.072964805638073 174
1662376017799 11.126481922055598 175
1662376019079 11.344148700584345 176
1662376020350 11.350804828381998 177
1662376021632 11.295999347833943 178
1662376022922 11.295999347833943 179
1662376024225 11.310250772976458 180
1662376025530 11.351805348602088 181
1662376026856 11.230364633101967 182
1662376028159 10.240265623200976 183
1662376029432 10.262937245201885 184
1662376030694 10.247766373275985 185
1662376032009 10.493031446001744 186
1662376033315 10.45976026174046 187
1662376034589 10.45976026174046 188
1662376035846 9.897668338262397 189
1662376037141 9.897668338262397 190
1662376038417 9.897668338262397 191
1662376039696 9.897668338262397 192
1662376040997 9.897668338262397 193
1662376042252 10.216890386517642 194
1662376043490 10.228034358057654 195
1662376044777 10.169383534992155 196
1662376046035 10.303164770258538 197
1662376047304 10.254954066835255 198
1662376048598 10.254954066835255 199
1662376049841 10.273184461303272 200
1662376051146 10.471204263283472 201
1662376052451 10.387899880213586 202
1662376053679 10.400546523029126 203
1662376054961 10.36146366737514 204
1662376056241 10.338970871877102 205
1662376057511 10.338970871877102 206
1662376058756 10.338970871877102 207
1662376060022 10.317754464522082 208
1662376061272 10.338970871877102 209
1662376062532 10.338970871877102 210
1662376063817 10.338970871877102 211
1662376065108 10.392078570970764 212
1662376066366 10.400546523029126 213
1662376067663 10.612754884511007 214
1662376068921 10.732362584430144 215
1662376070222 10.59835577016707 216
1662376071481 10.538938063690539 217
1662376072723 10.556189788863056 218
1662376073990 10.615607495339587 219
1662376075260 10.615607495339587 220
1662376076581 10.618580765639589 221
1662376077890 10.609615583407079 222
1662376079159 10.550197876930548 223
1662376080449 10.531251903385828 224
1662376081715 10.531251903385828 225
1662376083004 10.531251903385828 226
1662376084282 10.507281085251382 227
1662376085540 10.130975954738332 228
1662376086804 11.116883465667916 229
1662376088128 11.116883465667916 230
1662376089401 10.918277267287168 231
1662376090670 10.943896532510394 232
1662376091946 10.728738588144529 233
1662376093231 10.807946508936608 234
1662376094464 10.829443658651579 235
1662376095739 10.829443658651579 236
1662376097013 10.824823196605376 237
1662376098252 10.824823196605376 238
1662376099566 10.824823196605376 239
1662376100816 10.824823196605376 240
1662376102085 9.876473361621878 241
1662376103346 9.899923075014268 242
1662376104579 9.925978312116927 243
1662376105841 9.925978312116927 244
1662376107115 9.925978312116927 245
1662376108395 9.946463119218325 246
1662376109685 9.946463119218325 247
1662376110907 9.946463119218325 248
1662376112202 9.121656993285535 249
1662376113510 9.067030841015137 250
1662376114769 9.47777154562747 251
1662376116023 9.799791814805022 252
1662376117285 9.799791814805022 253
1662376118570 9.799791814805022 254
1662376119882 9.799791814805022 255
1662376121124 9.953419596561677 256
1662376122401 9.953419596561677 257
1662376123690 9.711128352918259 258
1662376124952 9.677182101150224 259
1662376126188 9.643880741457604 260
1662376127440 9.575988237921537 261
1662376128716 10.915450755601876 262
1662376129940 11.04352591155957 263
1662376131175 10.915986068652948 264
1662376132440 10.448174261720018 265
1662376133704 10.50533375918237 266
1662376134955 10.501068717293565 267
1662376136236 10.563303512201628 268
1662376137522 10.563303512201628 269
1662376138792 10.609057653839042 270
1662376140059 11.19621339174534 271
1662376141335 10.609057653839042 272
1662376142615 10.447247950601511 273
1662376143845 10.784235805714568 274
1662376145150 10.784235805714568 275
1662376146451 10.804037785912586 276
1662376147726 10.804037785912586 277
1662376149012 10.804037785912586 278
1662376150299 10.510919058192503 279
1662376151572 10.510919058192503 280
1662376152885 10.471266769534097 281
1662376154108 10.493153168700328 282
1662376155389 10.69435543178378 283
1662376156665 9.487040405721244 284
1662376157944 9.643398898713402 285
1662376159205 9.652105126479034 286
1662376160498 9.837417775390984 287
1662376161755 9.93680082293944 288
1662376163056 10.740666923835242 289
1662376164329 10.740666923835242 290
1662376165629 10.740666923835242 291
1662376166882 10.181068106810683 292
1662376168167 10.181068106810683 293
1662376169459 10.184443444344437 294
1662376170762 10.138378123526639 295
1662376172068 10.047854785478547 296
1662376173336 10.097123998114098 297
1662376174594 10.097123998114098 298
1662376175939 9.994922569179995 299
1662376177188 9.62810046186805 300
1662376178484 9.319041794289321 301
1662376179784 9.319041794289321 302
1662376181032 9.58487894514624 303
1662376182269 8.595316187965544 304
1662376183542 8.800340840228342 305
1662376184806 8.800340840228342 306
1662376186076 9.333866987202057 307
1662376187385 9.449372670060528 308
1662376188655 9.856348792774014 309
1662376189927 9.856348792774014 310
1662376191175 9.526344739737132 311
1662376192437 10.319726709513056 312
1662376193740 10.319726709513056 313
1662376195027 9.8840289612176 314
1662376196341 9.8840289612176 315
1662376197606 9.113095769036365 316
1662376198843 9.157100169476406 317
1662376200142 9.300416883793643 318
1662376201422 9.212099228498701 319
1662376202699 9.212099228498701 320
1662376204004 9.229985796671876 321
1662376205266 9.195041125734193 322
1662376206631 9.281222859128018 323
1662376207941 8.915291529152917 324
1662376209202 8.463226322632263 325
1662376210503 8.463226322632263 326
1662376211749 8.400220022002202 327
1662376213007 8.452577400597203 328
1662376214267 9.237378957675988 329
1662376215568 9.35202200092768 330
1662376216823 9.3506605561061 331
1662376218089 9.593361749302343 332
1662376219344 9.593361749302343 333
1662376220609 8.805129151233327 334
1662376221905 9.281447053293803 335
1662376223234 9.588275251641589 336
1662376224523 9.15003808073115 337
1662376225786 9.012947448591012 338
1662376227044 9.029702970297029 339
1662376228329 9.029702970297029 340
1662376229597 10.016801680168015 341
1662376230916 9.992874287428743 342
1662376232200 9.992874287428743 343
1662376233514 10.177553469632677 344
1662376234791 10.177553469632677 345
1662376236038 10.149927586743637 346
1662376237295 10.131925786563617 347
1662376238612 10.410808938036661 348
1662376239905 10.417095280956667 349
1662376241185 10.418990207291406 350
1662376242448 10.418990207291406 351
1662376243726 10.4127038643714 352
1662376244987 10.427685625705427 353
1662376246273 10.704391867758204 354
1662376247556 10.072578686440071 355
1662376248837 10.198991948884329 356
1662376250118 10.176571228551424 357
1662376251355 9.994052976726243 358
1662376252638 9.994052976726243 359
1662376253912 9.707042132784707 360
1662376255167 8.925694039992235 361
1662376256463 9.025176166265275 362
1662376257762 9.065340800489315 363
1662376259047 9.397332976540895 364
1662376260311 9.237484574118238 365
1662376261624 8.822497786160394 366
1662376262928 8.91998445790449 367
1662376264230 9.907088210296536 368
1662376265490 9.796209420554208 369
1662376266765 9.796209420554208 370
1662376268033 9.833338133425496 371
1662376269286 9.833338133425496 372
1662376270547 9.810820367751061 373
1662376271787 9.810820367751061 374
1662376273082 9.952777420599203 375
1662376274378 9.952777420599203 376
1662376275651 9.907010315284552 377
1662376276929 9.948264440697093 378
1662376278195 9.706057153606828 379
1662376279469 9.698677533657255 380
1662376280719 10.182890256989086 381
1662376282038 10.263462060491763 382
1662376283325 10.452080922377952 383
1662376284592 10.30999528524281 384
1662376285900 10.26987698769877 385
1662376287181 10.434700612918435 386
1662376288420 10.304455445544553 387
1662376289706 10.304455445544553 388
1662376291013 10.304455445544553 389
1662376292283 10.292454245424542 390
1662376293534 10.292454245424542 391
1662376294758 10.292454245424542 392
1662376296002 10.309982314020877 393
1662376297273 10.301514361962512 394
1662376298530 9.311415352061521 395
1662376299793 9.311415352061521 396
1662376301073 9.43861228228086 397
1662376302324 9.415670138442415 398
1662376303635 9.409240924092408 399
1662376304891 9.409240924092408 400
1662376306172 10.348784878487848 401
1662376307493 10.348784878487848 402
1662376308817 10.348784878487848 403
1662376310073 10.68995361074569 404
1662376311352 9.663839490382248 405
1662376312636 9.478680309502522 406
1662376313933 9.0100314379264 407
1662376315181 8.882274096974916 408
1662376316478 8.894014401440144 409
1662376317764 8.894014401440144 410
1662376319059 8.894014401440144 411
1662376320347 8.894014401440144 412
1662376321608 9.09978497849785 413
1662376322878 9.09978497849785 414
1662376324134 9.09978497849785 415
1662376325372 9.08804467403262 416
1662376326671 10.118011801180119 417
1662376327903 10.025382538253824 418
1662376329150 10.025382538253824 419
1662376330391 10.028382838283829 420
1662376331672 9.91062106210621 421
1662376332937 9.91062106210621 422
1662376334181 9.907620762076206 423
1662376335462 9.354815481548155 424
1662376336750 8.448210205635947 425
1662376338027 8.558221206736059 426
1662376339271 8.583345899656479 427
1662376340506 8.720859651031615 428
1662376341795 8.720859651031615 429
1662376343056 9.069614414857636 430
1662376344311 9.513437057991512 431
1662376345578 9.4995756718529 432
1662376346793 9.4995756718529 433
1662376348035 9.356561370422757 434
1662376349254 9.356561370422757 435
1662376350516 9.413674450151783 436
1662376351766 9.428741174215494 437
1662376353069 9.428741174215494 438
1662376354300 9.428741174215494 439
1662376355576 9.428741174215494 440
1662376356869 9.428741174215494 441
1662376358126 9.428741174215494 442
1662376359436 9.366208605169115 443
1662376360690 9.413674450151783 444
1662376361941 9.413674450151783 445
1662376363204 9.413674450151783 446
1662376364485 9.23673043996129 447
1662376365764 9.33574034095139 448
1662376367038 9.33574034095139 449
1662376368275 9.133534222987517 450
1662376369532 10.145942130444928 451
1662376370781 10.145942130444928 452
1662376372070 10.145942130444928 453
1662376373326 10.189946530884972 454
1662376374580 10.193981417132218 455
1662376375848 10.193981417132218 456
1662376377140 10.520871248972545 457
1662376378459 10.490726412542733 458
1662376379838 10.412381009944397 459
1662376381147 10.400335470415072 460
1662376382489 10.400335470415072 461
1662376383705 10.411097416174869 462
1662376384978 10.39133073362426 463
1662376386256 9.971391013592685 464
1662376387616 9.656241486217587 465
1662376388905 9.541830045073473 466
1662376390205 9.603570209237674 467
1662376391480 9.603570209237674 468
1662376392744 9.603570209237674 469
1662376394029 10.044871482222115 470
1662376395328 10.044871482222115 471
1662376396599 9.944289995502013 472
1662376397871 9.478862171931478 473
1662376399100 9.600928756470116 474
1662376400385 9.574807480748076 475
1662376401730 9.45676533859223 476
1662376402995 9.478862171931478 477
1662376404247 9.528838598145528 478
1662376405517 9.824453873958824 479
1662376406791 9.87824251269652 480
1662376408065 10.120841156797384 481
1662376409314 10.120841156797384 482
1662376410582 10.233995329357498 483
1662376411849 10.34000652812534 484
1662376413143 10.34000652812534 485
1662376414397 10.365309058378365 486
1662376415639 10.161788706343161 487
1662376416892 10.053288455396409 488
1662376418169 9.671839784213498 489
1662376419426 9.879309710173581 490
1662376420712 10.525376541550823 491
1662376421914 10.126556856626665 492
1662376423200 10.19583852637022 493
1662376424448 10.19583852637022 494
1662376425799 10.497346047968852 495
1662376427058 10.08620108731894 496
1662376428270 10.198708881877199 497
1662376429547 10.195662423385196 498
1662376430802 10.195662423385196 499
1662376432019 10.198708881877199 500
1662376433286 10.297501178689298 501
1662376434527 10.298091212630036 502
1662376435788 10.202421620608176 503
1662376437049 10.08507655276806 504
1662376438332 10.080361795578053 505
1662376439596 10.208367453286684 506
1662376440871 10.147849118590885 507
1662376442151 10.147849118590885 508
1662376443400 10.137240039793454 509
1662376444642 10.14071407140714 510
1662376445904 9.73628701542923 511
1662376447116 9.350124486132822 512
1662376448384 9.350124486132822 513
1662376449706 10.241896173925989 514
1662376450985 10.149784707140213 515
1662376452269 9.740543129943246 516
1662376453500 9.977765113011118 517
1662376454738 9.990623541711132 518
1662376456014 10.010288058400285 519
1662376457340 9.546314350105087 520
1662376458638 9.642766706338152 521
1662376459881 10.405712694031552 522
1662376461155 10.403383049302374 523
1662376462417 11.021055179379061 524
1662376463728 11.265686785396806 525
1662376465033 11.280857657322708 526
1662376466278 11.162872424264297 527
1662376467561 11.142164471116041 528
1662376468851 11.162872424264297 529
1662376470153 11.415347671789052 530
1662376471388 11.34353783425881 531
1662376472625 11.195069554936595 532
1662376473895 11.195069554936595 533
1662376475196 11.201135102068559 534
1662376476475 11.197878197430725 535
1662376477757 11.329261730520876 536
1662376479048 11.442918031298928 537
1662376480319 10.980373150437215 538
1662376481549 10.966146388394495 539
1662376482788 10.966146388394495 540
1662376484069 10.966146388394495 541
1662376485355 11.084958269582614 542
1662376486616 11.027364274889027 543
1662376487889 11.068835454974069 544
1662376489177 11.077322017916078 545
1662376490445 11.072932416394348 546
1662376491703 10.664726182237098 547
1662376492964 10.627967040735903 548
1662376494204 10.37801144590116 549
1662376495488 10.429810585414257 550
1662376496840 10.21964091777283 551
1662376498085 9.459600522880764 552
1662376499391 9.6098124850079 553
1662376500643 9.578965349951144 554
1662376501947 9.588757537961154 555
1662376503243 10.705019665846184 556
1662376504513 10.578856547862143 557
1662376505782 10.578856547862143 558
1662376507058 10.732943211589244 559
1662376508329 10.653642287305654 560
1662376509615 10.609760324738687 561
1662376510878 10.26937309115527 562
1662376512155 10.236551731216071 563
1662376513433 9.24645272131508 564
1662376514698 9.280035026914064 565
1662376515934 9.280035026914064 566
1662376517230 9.317568191995276 567
1662376518532 9.338284109740897 568
1662376519879 9.565092944470525 569
1662376521161 9.55433099871073 570
1662376522440 10.060381603771237 571
1662376523737 10.017622164972193 572
1662376525024 9.783774455876962 573
1662376526322 9.903588454083504 574
1662376527587 9.972473325763948 575
1662376528864 9.955001654011555 576
1662376530156 10.354042417816443 577
1662376531396 10.563067845246064 578
1662376532699 10.542274589449894 579
1662376533998 10.025931164545025 580
1662376535264 9.775586802377715 581
1662376536523 9.92326963788816 582
1662376537808 9.958849268385487 583
1662376539052 9.892851276077835 584
1662376540338 9.962740617953198 585
1662376541554 10.19376372026343 586
1662376542800 9.962740617953198 587
1662376544044 9.749672278152186 588
1662376545336 9.35885588558856 589
1662376546607 9.336969486422326 590
1662376547908 9.345654565456545 591
1662376549173 10.31887804165032 592
1662376550445 10.31887804165032 593
1662376551687 10.31887804165032 594
1662376552940 10.330879241770333 595
1662376554208 10.68047848740918 596
1662376555482 9.976798431722873 597
1662376556819 10.061664061142956 598
1662376558084 10.962898805785727 599
1662376559367 10.723769629710224 600
1662376560678 11.025199772724525 601
1662376561925 11.029914529914532 602
1662376563203 10.933816684835904 603
1662376564414 10.632386541821601 604
1662376565688 10.654226961157654 605
1662376566970 11.135158387633636 606
1662376568275 10.949711271493449 607
1662376569541 10.875453845750876 608
1662376570841 10.845331785925847 609
1662376572127 10.654606191627286 610
1662376573418 10.636310883835637 611
1662376574666 10.836879072522638 612
1662376575934 11.059729718791276 613
1662376577252 11.065991214506067 614
1662376578499 10.082750033245084 615
1662376579786 10.082750033245084 616
1662376581051 9.125527387903624 617
1662376582337 8.696309191358695 618
1662376583654 8.673577234905132 619
1662376584922 8.528483165058587 620
1662376586252 9.212701186464695 621
1662376587558 9.241611945873677 622
1662376588908 10.186285295196187 623
1662376590180 10.186285295196187 624
1662376591416 9.331751270365132 625
1662376592648 9.363888586660863 626
1662376593927 9.28863743517209 627
1662376595183 9.087317303158889 628
1662376596453 9.087317303158889 629
1662376597804 9.544279427942795 630
1662376599082 9.82009272355807 631
1662376600335 9.768020280288898 632
1662376601633 9.763305523098893 633
1662376602909 9.763305523098893 634
1662376604144 10.056928625193347 635
1662376605380 10.056928625193347 636
1662376606611 9.684032688983185 637
1662376607904 9.834417185560921 638
1662376609202 9.828243292309528 639
1662376610475 9.917823678919618 640
1662376611771 10.06168421881976 641
1662376613027 9.815725611970064 642
1662376614258 9.815725611970064 643
1662376615541 9.843699837964092 644
1662376616819 9.672711310539922 645
1662376618048 9.491725601131542 646
1662376619322 9.491725601131542 647
1662376620627 9.631159667690907 648
1662376621947 9.556930693069306 649
1662376623219 9.561027654489587 650
1662376624492 9.61133591720194 651
1662376625787 9.612571508741388 652
1662376627064 9.612571508741388 653
1662376628358 9.086497660755086 654
1662376629616 9.394677562994394 655
1662376630915 9.478200928826256 656
1662376632170 10.466292243259414 657
1662376633455 10.818162089837351 658
1662376634720 10.716836167771463 659
1662376635993 10.716836167771463 660
1662376637245 11.028883507545803 661
1662376638527 11.019176654507557 662
1662376639827 11.019176654507557 663
1662376641110 10.886494531806122 664
1662376642388 10.788796621597644 665
1662376643707 10.085339416294573 666
1662376644969 9.886405783435489 667
1662376646238 9.863066306630664 668
1662376647497 9.872967296729673 669
1662376648783 9.872967296729673 670
1662376650088 9.99075907590759 671
1662376651317 10.155983019116391 672
1662376652592 10.716697552108153 673
1662376653918 10.901533220548945 674
1662376655118 10.91283326359673 675
1662376656375 10.927449010885743 676
1662376657684 10.927449010885743 677
1662376658995 10.996173530396518 678
1662376660229 10.98899889988999 679
1662376661489 11.042904290429044 680
1662376662785 11.18710397355525 681
1662376664061 11.079107910791079 682
1662376665300 10.836214056188227 683
1662376666572 10.912581692951905 684
1662376667840 11.03990047834215 685
1662376669093 10.665641719451449 686
1662376670357 10.571557155715572 687
1662376671603 10.134730615918734 688
1662376672909 10.154102118286362 689
1662376674196 8.984042311794207 690
1662376675438 8.859154823045328 691
1662376676724 8.972308995605442 692
1662376677962 9.327441695576207 693
1662376679214 9.613352639611787 694
1662376680449 9.424333737721598 695
1662376681675 9.331324436791505 696
1662376682956 10.321423446692496 697
1662376684219 10.1234036447123 698
1662376685444 10.1234036447123 699
1662376686689 10.369990176275152 700
1662376687923 10.364152357264713 701
1662376689168 10.56800997825535 702
1662376690421 9.389598019412409 703
1662376691710 9.394680410069995 704
1662376693032 9.605076449673955 705
1662376694297 9.574150963483444 706
1662376695564 9.603632819857669 707
1662376696810 10.619191518584685 708
1662376698093 10.24785115874225 709
1662376699363 10.24785115874225 710
1662376700645 10.51803394625177 711
1662376701891 10.558189814018624 712
1662376703145 10.417714227998482 713
1662376704428 9.871087853202193 714
1662376705786 9.690742346124015 715
1662376707059 8.353897659351189 716
1662376708306 8.05706096925482 717
1662376709590 8.149882751433038 718
1662376710873 9.331118638179607 719
1662376712165 9.61400698893419 720
1662376713452 9.33954571927781 721
1662376714727 8.966691627145906 722
1662376716009 9.325230267387639 723
1662376717284 9.819251098042134 724
1662376718520 9.800781943434366 725
1662376719797 9.402522395096652 726
1662376721090 9.523247913026596 727
1662376722367 9.911750838949441 728
1662376723664 9.775972035505188 729
1662376724908 9.748638121220349 730
1662376726165 10.89800524170064 731
1662376727432 10.90859453592418 732
1662376728719 10.619827367352121 733
1662376729990 10.241237698430478 734
1662376731277 10.134121538096494 735
1662376732521 10.134121538096494 736
1662376733786 9.963100476714338 737
1662376735000 10.216125779244592 738
1662376736276 9.971314631463148 739
1662376737508 9.98850385038504 740
1662376738781 10.391385292375393 741
1662376740041 10.504396593505504 742
1662376741315 9.718518005646718 743
1662376742582 9.718518005646718 744
1662376743853 8.728418995745727 745
1662376745092 8.465233466666506 746
1662376746316 8.491795333379494 747
1662376747589 8.465233466666506 748
1662376748858 8.465233466666506 749
1662376750114 8.465233466666506 750
1662376751411 8.355078364979356 751
1662376752668 8.324614630247053 752
1662376753932 8.351176496960042 753
1662376755229 8.325259593628536 754
1662376756503 8.34685409561396 755
1662376757739 8.308888919786034 756
1662376759027 8.011605478165682 757
1662376760284 8.046259377068928 758
1662376761596 8.305723848845266 759
1662376762857 8.27888695462953 760
1662376764113 8.31648579460506 761
1662376765387 9.247428076934867 762
1662376766750 9.596501445810215 763
1662376767997 8.597298794452643 764
1662376769249 8.305564894350216 765
1662376770541 7.901222132138772 766
1662376771827 8.59123055162659 767
1662376773058 8.535378812606535 768
1662376774321 8.587060672521849 769
1662376775578 8.678773759728914 770
1662376776847 8.708149762344656 771
1662376778116 8.812198325095666 772
1662376779372 9.107502855548711 773
1662376780583 9.110039354703694 774
1662376781819 9.141023556137126 775
1662376783067 8.984098409840986 776
1662376784316 8.86266521388981 777
1662376785578 8.79358720185744 778
1662376786860 8.73200415279623 779
1662376788104 8.694286095276194 780
1662376789403 8.644047738107144 781
1662376790673 8.576941027436076 782
1662376791931 8.505582962837046 783
1662376793221 8.498278813388584 784
1662376794527 8.230358949207615 785
1662376795821 7.825360967469296 786
1662376797092 7.397221640448599 787
1662376798351 7.743858139315332 788
1662376799646 8.953378096430333 789
1662376800915 8.646818028658851 790
1662376802185 9.333153903625657 791
1662376803461 9.459024555206943 792
1662376804728 9.49602019025432 793
1662376805991 9.826023778848473 794
1662376807218 10.296000188254121 795
1662376808441 10.23344300908152 796
1662376809694 10.357717505496678 797
1662376810964 10.4515989584193 798
1662376811720 10.4515989584193 798
