1662375794584 18.885104994015883 0
1662375795787 18.885104994015883 1
1662375797165 18.885104994015883 2
1662375798422 18.885104994015883 3
1662375799684 18.885104994015883 4
1662375800899 18.915057569105322 5
1662375802137 18.915057569105322 6
1662375803408 18.915057569105322 7
1662375804676 18.915057569105322 8
1662375805927 18.915057569105322 9
1662375807173 18.915057569105322 10
1662375808420 18.915057569105322 11
1662375809676 18.915057569105322 12
1662375810963 18.915057569105322 13
1662375812183 18.915057569105322 14
1662375813408 18.915057569105322 15
1662375814662 18.915057569105322 16
1662375815891 18.915057569105322 17
1662375817196 18.915057569105322 18
1662375818467 18.915057569105322 19
1662375819732 18.915057569105322 20
1662375821049 18.915057569105322 21
1662375822333 18.915057569105322 22
1662375823574 18.915057569105322 23
1662375824813 18.915057569105322 24
1662375826074 18.915057569105322 25
1662375827279 18.915057569105322 26
1662375828564 18.946825451775947 27
1662375829821 18.946825451775947 28
1662375831076 18.946825451775947 29
1662375832343 18.946825451775947 30
1662375833621 18.946825451775947 31
1662375834869 18.8980821159039 32
1662375836140 18.8980821159039 33
1662375837383 18.8980821159039 34
1662375838642 18.8980821159039 35
1662375839902 18.8980821159039 36
1662375841157 18.8980821159039 37
1662375842440 18.8980821159039 38
1662375843704 18.8980821159039 39
1662375845022 18.8980821159039 40
1662375846316 18.8980821159039 41
1662375847605 18.8980821159039 42
1662375848884 18.8980821159039 43
1662375850124 18.8980821159039 44
1662375851423 18.8980821159039 45
1662375852684 18.8980821159039 46
1662375853939 18.8980821159039 47
1662375855198 18.8980821159039 48
1662375856464 18.8980821159039 49
1662375857738 18.8980821159039 50
1662375859025 18.8980821159039 51
1662375860319 18.8980821159039 52
1662375861662 18.8980821159039 53
1662375862934 18.8980821159039 54
1662375864193 18.8980821159039 55
1662375865487 18.8980821159039 56
1662375866758 18.8980821159039 57
1662375868069 18.8980821159039 58
1662375869310 18.8980821159039 59
1662375870601 18.8980821159039 60
1662375871913 18.8980821159039 61
1662375873293 18.8980821159039 62
1662375874565 18.8980821159039 63
1662375875819 18.8980821159039 64
1662375877098 18.8980821159039 65
1662375878339 19.072165458304074 66
1662375879613 19.072165458304074 67
1662375880905 19.415980059544417 68
1662375882169 19.415980059544417 69
1662375883458 19.415980059544417 70
1662375884727 19.072165458304074 71
1662375885959 19.072165458304074 72
1662375887237 19.072165458304074 73
1662375888496 19.072165458304074 74
1662375889768 19.072165458304074 75
1662375891052 19.072165458304074 76
1662375892306 19.027032739904026 77
1662375893552 19.027032739904026 78
1662375894835 19.027032739904026 79
1662375896084 18.99526485723341 80
1662375897437 18.99526485723341 81
1662375898737 18.99526485723341 82
1662375899988 18.99526485723341 83
1662375901294 18.99526485723341 84
1662375902574 18.99526485723341 85
1662375903851 18.99526485723341 86
1662375905117 18.99526485723341 87
1662375906409 18.965312282143966 88
1662375907670 18.965312282143966 89
1662375908941 20.031343697315556 90
1662375910211 20.031343697315556 91
1662375911505 19.977897057104975 92
1662375912771 19.885213796104885 93
1662375914049 18.86835535350387 94
1662375915338 18.882915633061238 95
1662375916617 18.882915633061238 96
1662375917918 18.882915633061238 97
1662375919221 18.882915633061238 98
1662375920521 18.843896952868093 99
1662375921820 18.843896952868093 100
1662375923101 18.794494923268047 101
1662375924369 18.85542409310811 102
1662375925720 19.92168456530917 103
1662375927008 19.88526713046224 104
1662375928323 20.03485484465162 105
1662375929635 20.03485484465162 106
1662375930919 20.03485484465162 107
1662375932266 20.03485484465162 108
1662375933551 20.209683138291787 109
1662375934814 20.298881247291877 110
1662375936097 20.537762278252117 111
1662375937389 20.668586171452247 112
1662375938648 20.668586171452247 113
1662375939918 20.688047577052266 114
1662375941227 20.785287030727364 115
1662375942493 20.60926942896719 116
1662375943707 20.60926942896719 117
1662375944957 20.681131453879356 118
1662375946262 20.681131453879356 119
1662375947546 20.681131453879356 120
1662375948828 20.712563168479388 121
1662375950114 20.712563168479388 122
1662375951408 20.712563168479388 123
1662375952649 20.712563168479388 124
1662375953962 20.712563168479388 125
1662375955211 20.712563168479388 126
1662375956497 20.712563168479388 127
1662375957808 20.712563168479388 128
1662375959071 20.712563168479388 129
1662375960335 20.712563168479388 130
1662375961568 20.648427200226696 131
1662375962830 20.648427200226696 132
1662375964123 20.648427200226696 133
1662375965401 20.648427200226696 134
1662375966689 20.648427200226696 135
1662375967989 20.648427200226696 136
1662375969275 20.648427200226696 137
1662375970546 20.648427200226696 138
1662375971834 20.648427200226696 139
1662375973129 20.648427200226696 140
1662375974408 20.648427200226696 141
1662375975683 20.82444480198687 142
1662375976966 19.692903076385736 143
1662375978218 19.692903076385736 144
1662375979502 19.62104105147357 145
1662375980732 19.62104105147357 146
1662375982021 19.606710671067106 147
1662375983270 19.53920392039204 148
1662375984515 19.53920392039204 149
1662375985782 19.473197319731973 150
1662375987059 19.473197319731973 151
1662375988330 19.473197319731973 152
1662375989637 19.54070407040704 153
1662375990928 19.54070407040704 154
1662375992220 19.650646826469252 155
1662375993496 19.650646826469252 156
1662375994797 19.474629224709076 157
1662375996062 19.474629224709076 158
1662375997361 19.474629224709076 159
1662375998604 19.57878480155708 160
1662375999865 19.57878480155708 161
1662376001109 19.54070407040704 162
1662376002415 19.54070407040704 163
1662376003717 19.54070407040704 164
1662376004978 19.600293362669603 165
1662376006224 19.600293362669603 166
1662376007482 19.704380694479703 167
1662376008760 19.777335358367147 168
1662376010039 20.750539821670618 169
1662376011313 20.750539821670618 170
1662376012640 20.750539821670618 171
1662376013941 20.917282204410917 172
1662376015249 20.917282204410917 173
1662376016549 20.917282204410917 174
1662376017800 21.258316307821257 175
1662376019079 22.39509665252239 176
1662376020351 22.46165793049893 177
1662376021633 22.46165793049893 178
1662376022923 22.46165793049893 179
1662376024226 22.46165793049893 180
1662376025530 22.39509665252239 181
1662376026856 22.312231223122314 182
1662376028159 22.312231223122314 183
1662376029433 22.38723872387239 184
1662376030695 22.38723872387239 185
1662376032009 22.38723872387239 186
1662376033315 22.312231223122314 187
1662376034589 22.312231223122314 188
1662376035847 21.139256782821136 189
1662376037142 21.139256782821136 190
1662376038417 21.139256782821136 191
1662376039697 21.139256782821136 192
1662376040998 21.139256782821136 193
1662376042253 22.241635928298713 194
1662376043491 22.241635928298713 195
1662376044778 22.125962596259622 196
1662376046035 22.33223322332233 197
1662376047305 22.33223322332233 198
1662376048599 22.33223322332233 199
1662376049842 22.39509665252239 200
1662376051147 22.79113625648279 201
1662376052451 22.304771830566516 202
1662376053680 22.304771830566516 203
1662376054962 22.065063649222065 204
1662376056242 22.065063649222065 205
1662376057512 22.065063649222065 206
1662376058756 22.065063649222065 207
1662376060023 21.989627534181988 208
1662376061273 22.065063649222065 209
1662376062533 22.065063649222065 210
1662376063818 22.065063649222065 211
1662376065109 22.304771830566516 212
1662376066366 22.304771830566516 213
1662376067664 22.304771830566516 214
1662376068921 22.66880742128267 215
1662376070222 25.31880215048532 216
1662376071481 24.918762146484916 217
1662376072724 24.952515521822455 218
1662376073991 25.35255552582285 219
1662376075261 25.35255552582285 220
1662376076582 25.382288228822887 221
1662376077891 25.43140028288543 222
1662376079159 25.031360278885035 223
1662376080449 24.876838247734547 224
1662376081716 24.876838247734547 225
1662376083005 24.876838247734547 226
1662376084283 24.79346148900604 227
1662376085541 21.03041018387553 228
1662376086804 20.982221525319954 229
1662376088128 20.982221525319954 230
1662376089401 19.73268480694223 231
1662376090670 19.84743474347435 232
1662376091947 17.695855299815697 233
1662376093231 17.83986970125584 234
1662376094465 17.916077322017916 235
1662376095740 17.916077322017916 236
1662376097014 17.86987270155587 237
1662376098252 17.86987270155587 238
1662376099567 17.86987270155587 239
1662376100817 17.86987270155587 240
1662376102086 17.982083922677983 241
1662376103347 18.060249633985954 242
1662376104580 18.147100424328148 243
1662376105841 18.147100424328148 244
1662376107116 18.147100424328148 245
1662376108395 18.18351785917508 246
1662376109686 18.18351785917508 247
1662376110907 18.18351785917508 248
1662376112203 18.18351785917508 249
1662376113510 18.18351785917508 250
1662376114769 18.69153294639809 251
1662376116024 21.27077680544824 252
1662376117286 21.27077680544824 253
1662376118571 21.27077680544824 254
1662376119883 21.27077680544824 255
1662376121124 21.363417648479913 256
1662376122402 21.363417648479913 257
1662376123691 18.940505212045704 258
1662376124953 18.940505212045704 259
1662376126189 18.979523892238852 260
1662376127441 18.803506290478673 261
1662376128717 18.979523892238852 262
1662376129941 19.439769534762807 263
1662376131175 19.074842968167786 264
1662376132440 18.339914013087405 265
1662376133704 18.36857234110508 266
1662376134956 18.325921922217038 267
1662376136237 18.42021706601713 268
1662376137522 18.42021706601713 269
1662376138793 18.442168364675045 270
1662376140060 18.442168364675045 271
1662376141335 18.442168364675045 272
1662376142616 18.14398065116685 273
1662376143845 18.5931217191198 274
1662376145151 18.5931217191198 275
1662376146452 18.659128319779867 276
1662376147727 18.659128319779867 277
1662376149013 18.659128319779867 278
1662376150300 18.19895274756678 279
1662376151572 18.19895274756678 280
1662376152886 18.094059405940595 281
1662376154108 18.167014069828035 282
1662376155390 19.535472344226896 283
1662376156666 19.676438232058498 284
1662376157945 21.80007916758062 285
1662376159205 21.697211737980517 286
1662376160499 23.550338227100017 287
1662376161755 24.02125926878402 288
1662376163057 24.02125926878402 289
1662376164329 24.02125926878402 290
1662376165629 24.02125926878402 291
1662376166883 22.838283828382842 292
1662376168168 22.838283828382842 293
1662376169459 22.87203720372037 294
1662376170763 21.44271570014144 295
1662376172069 21.254125412541256 296
1662376173336 21.44271570014144 297
1662376174594 21.44271570014144 298
1662376175940 21.18811881188119 299
1662376177188 21.043812883312622 300
1662376178485 18.04637606617805 301
1662376179784 18.04637606617805 302
1662376181033 21.013809883012595 303
1662376182270 20.317740276051893 304
1662376183542 22.36798679867987 305
1662376184807 22.36798679867987 306
1662376186077 23.438364106680936 307
1662376187386 24.69341671009206 308
1662376188656 24.828573082872193 309
1662376189928 24.828573082872193 310
1662376191176 24.759423310752123 311
1662376192438 24.759423310752123 312
1662376193741 24.759423310752123 313
1662376195027 24.004414132736173 314
1662376196342 24.004414132736173 315
1662376197607 24.186438914161684 316
1662376198844 24.626482918562125 317
1662376200142 25.881535521973255 318
1662376201423 25.481495517972853 319
1662376202699 25.481495517972853 320
1662376204005 25.574449336825577 321
1662376205266 25.574449336825577 322
1662376206631 25.481495517972853 323
1662376207942 21.82218221822182 324
1662376209203 18.143114311431148 325
1662376210504 18.143114311431148 326
1662376211750 18.023102310231025 327
1662376213007 18.110561056105613 328
1662376214268 18.110561056105613 329
1662376215569 19.256991488622546 330
1662376216823 19.34149496030684 331
1662376218090 19.56151696250706 332
1662376219344 19.56151696250706 333
1662376220610 17.940676055183157 334
1662376221906 19.171609959384387 335
1662376223235 22.23989194286224 336
1662376224524 21.008958038661007 337
1662376225786 20.01885902876002 338
1662376227045 20.084865629420083 339
1662376228330 20.084865629420083 340
1662376229597 20.054862629120056 341
1662376230917 19.93110025288243 342
1662376232201 19.93110025288243 343
1662376233515 21.777892074921773 344
1662376234792 21.777892074921773 345
1662376236039 21.630217533031495 346
1662376237296 21.56760257588361 347
1662376238612 22.731380280885233 348
1662376239906 22.794243710085293 349
1662376241186 22.813192973432685 350
1662376242448 22.813192973432685 351
1662376243726 22.75032954423262 352
1662376244988 22.9001471575729 353
1662376246274 23.14374294572314 354
1662376247557 22.023630934522025 355
1662376248838 22.33819655257451 356
1662376250119 22.28079950852228 357
1662376251355 20.455616990270453 358
1662376252639 20.455616990270453 359
1662376253912 20.07843641507008 360
1662376255168 16.96792578417506 361
1662376256463 17.962747046905466 362
1662376257762 17.774156759305274 363
1662376259048 19.96253679421996 364
1662376260312 19.67965136281968 365
1662376261624 18.95440914204683 366
1662376262929 18.95440914204683 367
1662376264230 18.92445656695739 368
1662376265491 18.781373935712903 369
1662376266765 18.781373935712903 370
1662376268034 17.791274925811912 371
1662376269287 17.791274925811912 372
1662376270548 17.82178217821782 373
1662376271787 17.82178217821782 374
1662376273083 19.09048047661909 375
1662376274379 19.09048047661909 376
1662376275652 18.196912858987766 377
1662376276930 18.196912858987766 378
1662376278195 18.196912858987766 379
1662376279469 18.123116659492037 380
1662376280720 21.777125080929146 381
1662376282039 22.115354392582116 382
1662376283326 22.76284771334276 383
1662376284593 22.76284771334276 384
1662376285900 19.31593159315932 385
1662376287181 20.396039603960396 386
1662376288420 20.074257425742577 387
1662376289707 20.074257425742577 388
1662376291013 20.074257425742577 389
1662376292284 20.074257425742577 390
1662376293535 20.074257425742577 391
1662376294759 20.074257425742577 392
1662376296002 20.09320668908996 393
1662376297274 20.008527168506323 394
1662376298530 20.008527168506323 395
1662376299793 20.008527168506323 396
1662376301073 20.008527168506323 397
1662376302324 19.927992799279934 398
1662376303636 19.927992799279934 399
1662376304892 19.927992799279934 400
1662376306173 19.927992799279934 401
1662376307494 19.927992799279934 402
1662376308818 19.927992799279934 403
1662376310073 20.094163262480098 404
1662376311353 19.915986877066615 405
1662376312636 18.005693545943224 406
1662376313934 17.524002400240025 407
1662376315182 17.554005400540053 408
1662376316479 17.554005400540053 409
1662376317765 17.554005400540053 410
1662376319060 17.554005400540053 411
1662376320348 17.554005400540053 412
1662376321609 17.874037403740374 413
1662376322879 17.874037403740374 414
1662376324135 17.874037403740374 415
1662376325373 17.874037403740374 416
1662376326671 17.88528852885288 417
1662376327903 17.839083908390837 418
1662376329150 17.839083908390837 419
1662376330391 17.86908690869087 420
1662376331672 17.549054905490554 421
1662376332937 17.549054905490554 422
1662376334181 17.51905190519052 423
1662376335463 16.162916291629166 424
1662376336750 16.26428027418126 425
1662376338027 16.44029787594144 426
1662376339272 16.26349448131626 427
1662376340506 16.483516483516485 428
1662376341796 16.483516483516485 429
1662376343057 16.997724617182215 430
1662376344312 17.32201791607732 431
1662376345578 17.27581329561528 432
1662376346794 17.27581329561528 433
1662376348036 17.055791293415055 434
1662376349254 17.055791293415055 435
1662376350517 17.18016162518507 436
1662376351766 17.23038403873078 437
1662376353070 17.23038403873078 438
1662376354300 17.23038403873078 439
1662376355577 17.23038403873078 440
1662376356869 17.23038403873078 441
1662376358127 17.23038403873078 442
1662376359437 17.23038403873078 443
1662376360690 17.18016162518507 444
1662376361942 17.18016162518507 445
1662376363204 17.18016162518507 446
1662376364486 17.004144023424896 447
1662376365764 17.994243033325887 448
1662376367038 17.994243033325887 449
1662376368276 17.641364136413642 450
1662376369533 18.737873787378735 451
1662376370782 18.737873787378735 452
1662376372071 18.737873787378735 453
1662376373327 18.802586140967037 454
1662376374581 18.842935003439493 455
1662376375848 18.842935003439493 456
1662376377141 19.345842437039995 457
1662376378460 19.345842437039995 458
1662376379838 19.273543117858587 459
1662376381147 19.273543117858587 460
1662376382490 19.273543117858587 461
1662376383706 19.273543117858587 462
1662376384979 19.241775235187966 463
1662376386257 18.201022072650613 464
1662376387617 17.698114639050115 465
1662376388906 17.52209703728994 466
1662376390206 17.635582741119663 467
1662376391481 17.635582741119663 468
1662376392745 17.635582741119663 469
1662376394030 18.314507776480344 470
1662376395328 18.314507776480344 471
1662376396600 18.281227137492074 472
1662376397872 17.529467232437526 473
1662376399101 18.907697221335038 474
1662376400386 18.794200848656292 475
1662376401731 17.466063042556172 476
1662376402995 17.529467232437526 477
1662376404248 17.680339462517676 478
1662376405517 18.203677510608205 479
1662376406792 18.266338430576273 480
1662376408066 18.476388992282686 481
1662376409314 18.476388992282686 482
1662376410583 18.476388992282686 483
1662376411850 21.725601131541723 484
1662376413143 21.725601131541723 485
1662376414397 21.892354648998733 486
1662376415640 20.537482319660537 487
1662376416892 21.1497923985947 488
1662376418170 21.108104019230446 489
1662376419427 21.134896499066862 490
1662376420712 20.57234375010332 491
1662376421915 19.940566286642692 492
1662376423201 20.194321639294657 493
1662376424449 20.194321639294657 494
1662376425800 20.60288056455415 495
1662376427059 19.772901962298324 496
1662376428271 20.162477786240167 497
1662376429548 20.132013201320127 498
1662376430803 20.132013201320127 499
1662376432020 20.162477786240167 500
1662376433287 20.301744460160304 501
1662376434528 20.253604307799204 502
1662376435792 21.320132013201317 503
1662376437050 21.320132013201317 504
1662376438332 21.272984441301272 505
1662376439596 20.952380952380956 506
1662376440872 20.737236609323368 507
1662376442152 20.737236609323368 508
1662376443401 19.144914491449146 509
1662376444643 19.144914491449146 510
1662376445904 18.852776582006026 511
1662376447117 16.303630363036305 512
1662376448384 16.303630363036305 513
1662376449707 17.670428043131217 514
1662376450986 17.431547012170974 515
1662376452270 16.908339573453148 516
1662376453501 19.280559404131864 517
1662376454739 19.280559404131864 518
1662376456015 19.289168960739698 519
1662376457341 20.56215340204097 520
1662376458639 20.53594489883771 521
1662376459881 24.729178800232962 522
1662376461156 24.70588235294117 523
1662376462418 23.87360363634771 524
1662376463729 24.250784211548083 525
1662376465034 24.250784211548083 526
1662376466279 23.07093188096399 527
1662376467562 23.07093188096399 528
1662376468852 23.07093188096399 529
1662376470153 23.79700448822471 530
1662376471389 23.79700448822471 531
1662376472625 23.22039076277894 532
1662376473896 23.22039076277894 533
1662376475197 23.034642136982576 534
1662376476476 23.002073090604256 535
1662376477758 23.617628067154538 536
1662376479049 23.94014401440144 537
1662376480319 22.826282628262824 538
1662376481549 22.80348396830633 539
1662376482789 22.80348396830633 540
1662376484070 22.80348396830633 541
1662376485356 23.99160278018752 542
1662376486617 23.9010054851639 543
1662376487889 24.15998742731416 544
1662376489177 24.244853056734243 545
1662376490446 24.20095704151696 546
1662376491704 20.649662062394984 547
1662376492965 20.480090449363235 548
1662376494204 18.057176032445824 549
1662376495489 20.15887270886009 550
1662376496841 18.057176032445824 551
1662376498086 18.41408603354363 552
1662376499391 20.02514537168003 553
1662376500644 20.174787665101913 554
1662376501948 20.272709545202012 555
1662376503244 20.272709545202012 556
1662376504513 20.272709545202012 557
1662376505782 20.272709545202012 558
1662376507059 20.272709545202012 559
1662376508330 20.538823113080536 560
1662376509616 20.272709545202012 561
1662376510878 18.36129766822836 562
1662376512155 18.226284166878227 563
1662376513434 18.226284166878227 564
1662376514699 18.226284166878227 565
1662376515934 18.226284166878227 566
1662376517231 18.226284166878227 567
1662376518533 18.433443344334428 568
1662376519880 18.226284166878227 569
1662376521162 18.226284166878227 570
1662376522441 19.216383176779214 571
1662376523738 18.997809690879 572
1662376525025 19.024569123579024 573
1662376526322 19.052857666719053 574
1662376527588 19.114578124479117 575
1662376528864 19.306392177679303 576
1662376530156 22.712253125765063 577
1662376531396 25.113126697285114 578
1662376532700 25.09783105007334 579
1662376533998 24.29200062863429 580
1662376535265 23.656525316397182 581
1662376536523 24.08140814081408 582
1662376537809 24.164784899542582 583
1662376539053 23.897774392823898 584
1662376540339 23.897774392823898 585
1662376541555 24.623847000084627 586
1662376542801 23.897774392823898 587
1662376544045 21.496778249253495 588
1662376545336 18.451830897375455 589
1662376546608 18.30331604589031 590
1662376547909 18.30331604589031 591
1662376549174 18.194566709418194 592
1662376550445 18.194566709418194 593
1662376551687 18.194566709418194 594
1662376552941 18.25457271001825 595
1662376554208 21.602050314921602 596
1662376555483 24.257425742574256 597
1662376556819 24.257425742574256 598
1662376558085 23.6797089194171 599
1662376559368 23.7998525127238 600
1662376560679 25.626035130985624 601
1662376561926 25.673182702885672 602
1662376563203 25.673182702885672 603
1662376564414 23.847000084623847 604
1662376565689 23.847000084623847 605
1662376566970 25.460494767425455 606
1662376568276 24.804357725149803 607
1662376569542 24.804357725149803 608
1662376570842 24.762448772349757 609
1662376572128 23.05966979880023 610
1662376573419 23.002272754748006 611
1662376574666 23.48100194634848 612
1662376575935 24.21369728946139 613
1662376577253 24.276312246609276 614
1662376578500 24.344890533009345 615
1662376579786 24.344890533009345 616
1662376581052 24.344890533009345 617
1662376582337 20.44874817152045 618
1662376583654 20.503584424376502 619
1662376584923 20.04985113896005 620
1662376586253 20.612802799630177 621
1662376587559 20.96345038230531 622
1662376588909 19.717114568599715 623
1662376590181 19.717114568599715 624
1662376591417 21.623971921001623 625
1662376592649 21.84963551300185 626
1662376593928 19.95599559955996 627
1662376595184 19.95599559955996 628
1662376596454 19.95599559955996 629
1662376597804 23.520352035203523 630
1662376599082 23.473204463303475 631
1662376600336 23.577749079255753 632
1662376601634 23.530601507355705 633
1662376602910 23.530601507355705 634
1662376604144 24.4963067735345 635
1662376605380 24.4963067735345 636
1662376606612 20.84551312274085 637
1662376607904 22.34935808851821 638
1662376609203 22.32887328141681 639
1662376610476 22.690337999317176 640
1662376611771 22.842660923917325 641
1662376613028 22.32887328141681 642
1662376614259 22.32887328141681 643
1662376615542 22.07427639315656 644
1662376616819 21.898258791396383 645
1662376618048 20.14497878359265 646
1662376619323 20.14497878359265 647
1662376620627 20.31819733697508 648
1662376621948 20.05445544554455 649
1662376623220 20.095425059747352 650
1662376624492 20.130141417045515 651
1662376625787 20.21793344748009 652
1662376627065 20.21793344748009 653
1662376628358 19.311645450259313 654
1662376629616 20.103724658180106 655
1662376630915 20.162927946930033 656
1662376632171 20.224654044351805 657
1662376633456 22.07739104218952 658
1662376634721 21.681351438229125 659
1662376635993 21.681351438229125 660
1662376637246 24.616409009321984 661
1662376638527 24.616409009321984 662
1662376639828 24.616409009321984 663
1662376641111 23.192519251925187 664
1662376642389 20.63274069342418 665
1662376643708 19.08496732026144 666
1662376644970 17.22080779506522 667
1662376646238 17.38253825382538 668
1662376647498 17.38253825382538 669
1662376648784 17.38253825382538 670
1662376650089 17.38253825382538 671
1662376651317 19.113431705161467 672
1662376652593 19.169375761105524 673
1662376653918 22.62565752373557 674
1662376655119 22.62565752373557 675
1662376656376 22.701093638775642 676
1662376657685 22.701093638775642 677
1662376658996 22.5962596259626 678
1662376660230 22.5962596259626 679
1662376661490 23.091309130913093 680
1662376662786 23.483085150620326 681
1662376664062 22.955495549554954 682
1662376665301 21.1993699369937 683
1662376666573 21.126912691269126 684
1662376667840 20.93475401051811 685
1662376669094 18.925035360678923 686
1662376670358 17.66651665166517 687
1662376671604 17.15417256011315 688
1662376672909 17.15417256011315 689
1662376674197 17.31404442965305 690
1662376675438 16.065169542164302 691
1662376676725 16.065169542164302 692
1662376677962 16.006468019838156 693
1662376679215 16.641825673250555 694
1662376680450 16.35894024185027 695
1662376681675 16.208925240350123 696
1662376682957 16.208925240350123 697
1662376684219 15.812885636389728 698
1662376685444 15.812885636389728 699
1662376686690 18.38876195311839 700
1662376687924 18.330383763013984 701
1662376689169 18.784801557078783 702
1662376690422 18.485830483500838 703
1662376691711 18.536654390076688 704
1662376693033 19.05645637027471 705
1662376694297 18.854820965967566 706
1662376695565 20.061038361900707 707
1662376696811 20.315635250160966 708
1662376698094 18.978469275498977 709
1662376699364 18.978469275498977 710
1662376700646 20.42786421499293 711
1662376701891 20.82942289266148 712
1662376703145 20.677099968061324 713
1662376704429 20.677099968061324 714
1662376705787 20.252771820960902 715
1662376707060 20.9505748961993 716
1662376708306 20.254472815702623 717
1662376709591 20.254472815702623 718
1662376710874 20.254472815702623 719
1662376712166 20.66186870787919 720
1662376713453 19.552375405607787 721
1662376714728 19.56790637046898 722
1662376716009 20.0266643205674 723
1662376717285 20.89332241494826 724
1662376718521 20.708630868870575 725
1662376719798 20.34299858557284 726
1662376721091 20.476121141525915 727
1662376722368 21.033363840585732 728
1662376723664 20.48750662328506 729
1662376724909 20.946409656445518 730
1662376726166 21.445673979162617 731
1662376727432 21.551566921398024 732
1662376728720 19.884488448844884 733
1662376729990 18.25396114272061 734
1662376731278 18.15861827510051 735
1662376732521 18.15861827510051 736
1662376733786 17.954712137880456 737
1662376735000 18.394756142280894 738
1662376736276 18.036853685368538 739
1662376737509 18.256875687568762 740
1662376738782 18.98536007446899 741
1662376740042 19.175379076369175 742
1662376741315 19.571418680329568 743
1662376742583 19.571418680329568 744
1662376743854 19.571418680329568 745
1662376745092 19.42160106698929 746
1662376746317 19.571418680329568 747
1662376747589 19.42160106698929 748
1662376748858 19.42160106698929 749
1662376750114 19.42160106698929 750
1662376751412 19.48437700912948 751
1662376752669 19.29554071559606 752
1662376753932 19.445358328936344 753
1662376755230 19.30199034941088 754
1662376756504 18.629749384674778 755
1662376757739 18.250097626395497 756
1662376759028 18.08254373824479 757
1662376760285 18.98760011747781 758
1662376761597 20.11029095969169 759
1662376762858 19.946142965944944 760
1662376764113 20.11029095969169 761
1662376765388 19.774156505910177 762
1662376766751 19.901092276410303 763
1662376767997 19.164878562159622 764
1662376769250 19.25505835812783 765
1662376770542 18.89882536640761 766
1662376771828 20.528052805280527 767
1662376773058 20.528052805280527 768
1662376774322 21.218572985118065 769
1662376775578 21.608160816081607 770
1662376776847 21.214437233197007 771
1662376778116 22.014898858306882 772
1662376779373 21.981145482969346 773
1662376780584 22.052120625596398 774
1662376781819 21.721922192219225 775
1662376783068 20.60806080608061 776
1662376784316 20.134329222395923 777
1662376785579 19.226255958929226 778
1662376786860 19.05023835716905 779
1662376788105 19.05023835716905 780
1662376789404 19.391272460579387 781
1662376790674 19.05023835716905 782
1662376791931 18.786790959797735 783
1662376793222 19.30048077271495 784
1662376794528 19.16132789749563 785
1662376795822 18.003172866306237 786
1662376797092 17.882615847791676 787
1662376798352 17.960653208177966 788
1662376799647 17.882615847791676 789
1662376800916 18.057339202480087 790
1662376802186 19.213877270079948 791
1662376803462 19.46568470888835 792
1662376804729 19.436649547307674 793
1662376805992 20.20902090209021 794
1662376807218 20.20902090209021 795
1662376808442 19.946451995471783 796
1662376809695 21.448671182907763 797
1662376810964 21.57373632100052 798
1662376811721 21.57373632100052 798
