1662375794584 4.936785986290937 0
1662375795788 4.936785986290937 1
1662375797166 4.936785986290937 2
1662375798422 4.936785986290937 3
1662375799684 4.936785986290937 4
1662375800899 4.936785986290937 5
1662375802138 4.936785986290937 6
1662375803408 4.936785986290937 7
1662375804677 4.936785986290937 8
1662375805927 4.936785986290937 9
1662375807174 4.936785986290937 10
1662375808420 4.936785986290937 11
1662375809676 4.936785986290937 12
1662375810964 4.936785986290937 13
1662375812184 4.936785986290937 14
1662375813409 4.936785986290937 15
1662375814663 4.936785986290937 16
1662375815892 4.936785986290937 17
1662375817197 4.936785986290937 18
1662375818467 4.936785986290937 19
1662375819733 4.936785986290937 20
1662375821050 4.936785986290937 21
1662375822334 4.936785986290937 22
1662375823575 4.936785986290937 23
1662375824814 4.936785986290937 24
1662375826075 4.936785986290937 25
1662375827280 4.936785986290937 26
1662375828565 4.936785986290937 27
1662375829822 4.936785986290937 28
1662375831077 4.936785986290937 29
1662375832344 4.936785986290937 30
1662375833622 4.936785986290937 31
1662375834870 4.912414318354912 32
1662375836141 4.912414318354912 33
1662375837384 4.912414318354912 34
1662375838643 4.912414318354912 35
1662375839903 4.912414318354912 36
1662375841158 4.912414318354912 37
1662375842440 4.912414318354912 38
1662375843705 4.912414318354912 39
1662375845023 4.912414318354912 40
1662375846316 4.912414318354912 41
1662375847605 4.912414318354912 42
1662375848885 4.912414318354912 43
1662375850124 4.912414318354912 44
1662375851424 4.912414318354912 45
1662375852684 4.912414318354912 46
1662375853940 4.912414318354912 47
1662375855199 4.912414318354912 48
1662375856465 4.912414318354912 49
1662375857739 4.912414318354912 50
1662375859026 4.912414318354912 51
1662375860320 4.912414318354912 52
1662375861663 4.912414318354912 53
1662375862935 4.912414318354912 54
1662375864193 4.912414318354912 55
1662375865487 4.912414318354912 56
1662375866759 4.912414318354912 57
1662375868070 4.912414318354912 58
1662375869311 4.912414318354912 59
1662375870602 4.912414318354912 60
1662375871914 4.912414318354912 61
1662375873294 4.912414318354912 62
1662375874565 4.912414318354912 63
1662375875820 4.912414318354912 64
1662375877098 4.912414318354912 65
1662375878340 4.912414318354912 66
1662375879613 4.912414318354912 67
1662375880905 4.912414318354912 68
1662375882170 4.912414318354912 69
1662375883459 4.912414318354912 70
1662375884727 4.912414318354912 71
1662375885960 4.912414318354912 72
1662375887238 4.912414318354912 73
1662375888497 4.912414318354912 74
1662375889768 4.912414318354912 75
1662375891053 4.912414318354912 76
1662375892307 4.889847959154889 77
1662375893553 4.889847959154889 78
1662375894835 4.889847959154889 79
1662375896085 4.889847959154889 80
1662375897438 4.889847959154889 81
1662375898738 4.889847959154889 82
1662375899989 4.889847959154889 83
1662375901294 4.889847959154889 84
1662375902574 4.889847959154889 85
1662375903852 4.889847959154889 86
1662375905118 4.889847959154889 87
1662375906410 4.889847959154889 88
1662375907670 4.889847959154889 89
1662375908942 4.889847959154889 90
1662375910212 4.889847959154889 91
1662375911505 4.889847959154889 92
1662375912772 4.868893482754869 93
1662375914050 4.868893482754869 94
1662375915338 4.868893482754869 95
1662375916618 4.868893482754869 96
1662375917919 4.868893482754869 97
1662375919221 4.868893482754869 98
1662375920522 4.849384142658299 99
1662375921821 4.849384142658299 100
1662375923102 4.849384142658299 101
1662375924369 4.849384142658299 102
1662375925720 4.849384142658299 103
1662375927009 4.831175425234831 104
1662375928324 4.831175425234831 105
1662375929636 4.831175425234831 106
1662375930920 4.831175425234831 107
1662375932267 4.831175425234831 108
1662375933551 4.831175425234831 109
1662375934815 4.831175425234831 110
1662375936097 4.831175425234831 111
1662375937390 4.831175425234831 112
1662375938649 4.831175425234831 113
1662375939919 7.306422949987307 114
1662375941228 7.306422949987307 115
1662375942494 7.306422949987307 116
1662375943708 7.306422949987307 117
1662375944958 7.306422949987307 118
1662375946263 7.306422949987307 119
1662375947547 7.306422949987307 120
1662375948828 7.306422949987307 121
1662375950115 7.289388988526644 122
1662375951409 7.289388988526644 123
1662375952649 7.289388988526644 124
1662375953963 7.289388988526644 125
1662375955212 7.289388988526644 126
1662375956498 7.289388988526644 127
1662375957809 7.289388988526644 128
1662375959071 7.289388988526644 129
1662375960336 4.8141414637741695 130
1662375961569 4.683578956974039 131
1662375962831 4.683578956974039 132
1662375964124 4.683578956974039 133
1662375965402 4.683578956974039 134
1662375966690 4.683578956974039 135
1662375967989 4.683578956974039 136
1662375969275 4.683578956974039 137
1662375970546 4.683578956974039 138
1662375971835 4.683578956974039 139
1662375973130 4.683578956974039 140
1662375974409 4.683578956974039 141
1662375975683 4.71501067157407 142
1662375976967 4.71501067157407 143
1662375978218 7.190258196326546 144
1662375979502 7.174288857457174 145
1662375980732 7.174288857457174 146
1662375982021 4.699041332704699 147
1662375983270 4.684039832554684 148
1662375984516 4.684039832554684 149
1662375985783 7.159287357307159 150
1662375987060 7.159287357307159 151
1662375988331 7.159287357307159 152
1662375989637 7.174288857457174 153
1662375990929 7.174288857457174 154
1662375992220 7.289388988526644 155
1662375993496 7.289388988526644 156
1662375994798 7.289388988526644 157
1662375996063 7.289388988526644 158
1662375997361 7.289388988526644 159
1662375998605 7.273419649657274 160
1662375999865 7.273419649657274 161
1662376001109 7.174288857457174 162
1662376002416 7.174288857457174 163
1662376003718 7.174288857457174 164
1662376004978 7.174288857457174 165
1662376006224 7.174288857457174 166
1662376007483 7.273419649657274 167
1662376008760 7.273419649657274 168
1662376010039 7.273419649657274 169
1662376011314 7.273419649657274 170
1662376012641 7.273419649657274 171
1662376013942 7.273419649657274 172
1662376015250 7.273419649657274 173
1662376016550 7.258418149507259 174
1662376017800 7.258418149507259 175
1662376019080 7.127855642707129 176
1662376020351 7.127855642707129 177
1662376021634 7.127855642707129 178
1662376022924 7.127855642707129 179
1662376024226 7.142857142857142 180
1662376025531 7.142857142857142 181
1662376026857 7.142857142857142 182
1662376028160 4.667609618104668 183
1662376029433 4.683578956974039 184
1662376030695 4.667609618104668 185
1662376032010 4.667609618104668 186
1662376033316 4.652608117954653 187
1662376034590 4.652608117954653 188
1662376035847 4.652608117954653 189
1662376037143 4.652608117954653 190
1662376038418 4.652608117954653 191
1662376039697 4.652608117954653 192
1662376040998 4.652608117954653 193
1662376042253 4.638489058989933 194
1662376043492 4.638489058989933 195
1662376044779 4.6126041175546115 196
1662376046036 4.6126041175546115 197
1662376047306 4.6126041175546115 198
1662376048599 4.6126041175546115 199
1662376049843 4.625176803394625 200
1662376051148 4.625176803394625 201
1662376052452 4.625176803394625 202
1662376053681 4.638489058989933 203
1662376054962 4.638489058989933 204
1662376056243 4.638489058989933 205
1662376057512 4.638489058989933 206
1662376058757 4.638489058989933 207
1662376060023 4.638489058989933 208
1662376061273 4.638489058989933 209
1662376062533 4.638489058989933 210
1662376063818 4.638489058989933 211
1662376065110 4.638489058989933 212
1662376066367 4.638489058989933 213
1662376067665 4.652608117954653 214
1662376068922 4.638489058989933 215
1662376070223 4.652608117954653 216
1662376071482 4.652608117954653 217
1662376072724 4.667609618104668 218
1662376073992 4.667609618104668 219
1662376075262 4.667609618104668 220
1662376076582 4.667609618104668 221
1662376077891 4.652608117954653 222
1662376079160 4.652608117954653 223
1662376080450 4.667609618104668 224
1662376081716 4.667609618104668 225
1662376083006 4.667609618104668 226
1662376084283 4.667609618104668 227
1662376085541 4.667609618104668 228
1662376086805 7.158826481726514 229
1662376088129 7.158826481726514 230
1662376089402 7.127855642707129 231
1662376090671 7.127855642707129 232
1662376091947 7.127855642707129 233
1662376093232 7.127855642707129 234
1662376094465 7.142857142857142 235
1662376095740 7.142857142857142 236
1662376097014 7.142857142857142 237
1662376098253 7.142857142857142 238
1662376099568 7.142857142857142 239
1662376100818 7.142857142857142 240
1662376102086 4.7006129184347 241
1662376103347 4.7006129184347 242
1662376104580 4.7006129184347 243
1662376105842 4.7006129184347 244
1662376107116 4.7006129184347 245
1662376108396 4.718821635858168 246
1662376109686 4.718821635858168 247
1662376110908 4.718821635858168 248
1662376112204 4.718821635858168 249
1662376113511 4.718821635858168 250
1662376114770 4.718821635858168 251
1662376116025 4.718821635858168 252
1662376117286 4.718821635858168 253
1662376118571 4.718821635858168 254
1662376119884 4.718821635858168 255
1662376121125 4.750253350458198 256
1662376122402 4.750253350458198 257
1662376123692 4.750253350458198 258
1662376124954 4.693676264178142 259
1662376126189 4.713185604274713 260
1662376127441 4.738330975954738 261
1662376128718 7.245010215307245 262
1662376129942 7.225500875210673 263
1662376131176 7.190258196326546 264
1662376132441 7.190258196326546 265
1662376133705 7.243692111146598 266
1662376134956 7.243692111146598 267
1662376136237 7.300269197426654 268
1662376137523 7.300269197426654 269
1662376138793 7.365550450826721 270
1662376140061 7.365550450826721 271
1662376141336 7.365550450826721 272
1662376142617 7.289388988526644 273
1662376143846 7.289388988526644 274
1662376145151 7.289388988526644 275
1662376146452 7.289388988526644 276
1662376147727 7.289388988526644 277
1662376149014 7.289388988526644 278
1662376150300 7.158826481726514 279
1662376151573 7.158826481726514 280
1662376152886 7.142857142857142 281
1662376154109 7.142857142857142 282
1662376155391 7.142857142857142 283
1662376156666 4.667609618104668 284
1662376157945 4.667609618104668 285
1662376159206 4.652608117954653 286
1662376160499 4.652608117954653 287
1662376161756 4.512022630834512 288
1662376163058 4.512022630834512 289
1662376164330 4.512022630834512 290
1662376165630 4.512022630834512 291
1662376166884 4.059405940594059 292
1662376168169 4.059405940594059 293
1662376169460 4.059405940594059 294
1662376170763 4.172560113154173 295
1662376172070 4.059405940594059 296
1662376173337 4.172560113154173 297
1662376174595 4.172560113154173 298
1662376175941 4.059405940594059 299
1662376177189 3.795379537953795 300
1662376178486 3.795379537953795 301
1662376179785 3.795379537953795 302
1662376181033 3.8730343622597556 303
1662376182270 3.8730343622597556 304
1662376183543 3.8730343622597556 305
1662376184807 3.8730343622597556 306
1662376186078 4.388546962804388 307
1662376187387 4.377279833246482 308
1662376188656 4.589443906796696 309
1662376189929 4.589443906796696 310
1662376191177 4.377279833246482 311
1662376192439 4.377279833246482 312
1662376193741 4.377279833246482 313
1662376195028 4.487556863794487 314
1662376196343 4.487556863794487 315
1662376197607 4.487556863794487 316
1662376198844 4.487556863794487 317
1662376200143 4.47628973423658 318
1662376201423 4.47628973423658 319
1662376202700 4.47628973423658 320
1662376204006 4.487556863794487 321
1662376205267 4.487556863794487 322
1662376206632 4.499449944994499 323
1662376207943 4.499449944994499 324
1662376209204 4.400440044004401 325
1662376210505 4.400440044004401 326
1662376211750 4.400440044004401 327
1662376213008 4.499449944994499 328
1662376214268 4.499449944994499 329
1662376215570 4.499449944994499 330
1662376216824 4.487556863794487 331
1662376218090 4.575565664674576 332
1662376219345 4.575565664674576 333
1662376220610 4.059405940594059 334
1662376221907 4.487556863794487 335
1662376223235 4.487556863794487 336
1662376224524 4.059405940594059 337
1662376225787 4.059405940594059 338
1662376227045 4.059405940594059 339
1662376228331 4.059405940594059 340
1662376229598 6.534653465346535 341
1662376230917 6.435643564356436 342
1662376232201 6.435643564356436 343
1662376233515 6.435643564356436 344
1662376234792 6.435643564356436 345
1662376236040 6.435643564356436 346
1662376237297 6.435643564356436 347
1662376238613 6.435643564356436 348
1662376239906 6.435643564356436 349
1662376241187 6.435643564356436 350
1662376242449 6.435643564356436 351
1662376243727 6.435643564356436 352
1662376244988 6.435643564356436 353
1662376246274 6.647807637906647 354
1662376247558 6.647807637906647 355
1662376248839 6.647807637906647 356
1662376250119 6.647807637906647 357
1662376251356 6.647807637906647 358
1662376252639 6.647807637906647 359
1662376253913 6.647807637906647 360
1662376255168 4.172560113154173 361
1662376256464 4.172560113154173 362
1662376257762 4.487556863794487 363
1662376259048 4.487556863794487 364
1662376260312 4.487556863794487 365
1662376261625 4.059405940594059 366
1662376262929 4.059405940594059 367
1662376264231 6.534653465346535 368
1662376265491 6.435643564356436 369
1662376266766 6.435643564356436 370
1662376268034 6.435643564356436 371
1662376269288 6.435643564356436 372
1662376270548 6.176331918906175 373
1662376271788 6.176331918906175 374
1662376273084 6.204620462046203 375
1662376274379 6.204620462046203 376
1662376275652 6.235886746569394 377
1662376276930 6.235886746569394 378
1662376278196 6.235886746569394 379
1662376279470 6.235886746569394 380
1662376280720 6.235886746569394 381
1662376282039 6.2706270627062715 382
1662376283327 6.534653465346535 383
1662376284594 6.534653465346535 384
1662376285901 6.534653465346535 385
1662376287182 6.647807637906647 386
1662376288421 6.534653465346535 387
1662376289708 6.534653465346535 388
1662376291014 6.534653465346535 389
1662376292284 6.534653465346535 390
1662376293535 6.534653465346535 391
1662376294759 6.534653465346535 392
1662376296003 6.534653465346535 393
1662376297274 6.534653465346535 394
1662376298531 4.059405940594059 395
1662376299794 4.059405940594059 396
1662376301074 4.059405940594059 397
1662376302325 4.059405940594059 398
1662376303636 4.059405940594059 399
1662376304893 4.059405940594059 400
1662376306174 6.435643564356436 401
1662376307494 6.435643564356436 402
1662376308819 6.435643564356436 403
1662376310074 6.778370144706779 404
1662376311353 4.303122619954303 405
1662376312637 4.303122619954303 406
1662376313935 3.9603960396039604 407
1662376315183 3.9603960396039604 408
1662376316479 3.9603960396039604 409
1662376317766 3.9603960396039604 410
1662376319061 3.9603960396039604 411
1662376320349 3.9603960396039604 412
1662376321610 4.097909790979099 413
1662376322879 4.097909790979099 414
1662376324136 4.097909790979099 415
1662376325373 4.097909790979099 416
1662376326672 6.5731573157315735 417
1662376327904 6.5731573157315735 418
1662376329151 6.5731573157315735 419
1662376330392 6.5731573157315735 420
1662376331673 6.435643564356436 421
1662376332938 6.435643564356436 422
1662376334182 6.435643564356436 423
1662376335463 6.435643564356436 424
1662376336751 4.009900990099011 425
1662376338028 4.097909790979099 426
1662376339272 3.9806612240171386 427
1662376340507 4.090672225117249 428
1662376341796 4.090672225117249 429
1662376343057 4.059405940594059 430
1662376344312 4.059405940594059 431
1662376345579 4.059405940594059 432
1662376346795 4.059405940594059 433
1662376348037 3.949394939493949 434
1662376349255 3.949394939493949 435
1662376350518 3.9806612240171386 436
1662376351767 3.9806612240171386 437
1662376353071 3.9806612240171386 438
1662376354301 3.9806612240171386 439
1662376355578 3.9806612240171386 440
1662376356870 3.9806612240171386 441
1662376358127 3.9806612240171386 442
1662376359438 3.9806612240171386 443
1662376360691 3.9806612240171386 444
1662376361943 3.9806612240171386 445
1662376363205 3.9806612240171386 446
1662376364487 3.892652423137051 447
1662376365765 3.892652423137051 448
1662376367039 3.892652423137051 449
1662376368276 4.015401540154015 450
1662376369534 4.602126879354602 451
1662376370782 4.602126879354602 452
1662376372072 4.602126879354602 453
1662376373327 4.640954291507582 454
1662376374582 4.640954291507582 455
1662376375849 4.640954291507582 456
1662376377141 4.892408008307833 457
1662376378461 4.871453531907813 458
1662376379839 4.797885803617956 459
1662376381148 4.7783764635213855 460
1662376382491 4.7783764635213855 461
1662376383707 4.7783764635213855 462
1662376384980 4.7783764635213855 463
1662376386258 4.8131167796582615 464
1662376387617 4.561663062858009 465
1662376388906 4.473654261977921 466
1662376390207 4.5124816741309015 467
1662376391482 4.5124816741309015 468
1662376392745 4.5124816741309015 469
1662376394031 4.851944191811242 470
1662376395329 4.851944191811242 471
1662376396601 4.8131167796582615 472
1662376397872 4.455445544554455 473
1662376399101 4.438411583093793 474
1662376400386 4.422442244224422 475
1662376401732 4.438411583093793 476
1662376402996 4.455445544554455 477
1662376404248 4.493163602074493 478
1662376405518 4.691183404054691 479
1662376406793 4.712137880454712 480
1662376408067 4.8535805961548535 481
1662376409315 4.8535805961548535 482
1662376410583 4.8535805961548535 483
1662376411850 4.200848656294201 484
1662376413144 4.200848656294201 485
1662376414398 4.266855256954267 486
1662376415640 4.200848656294201 487
1662376416893 4.059405940594059 488
1662376418170 4.090672225117249 489
1662376419428 4.266855256954267 490
1662376420713 6.491732917134079 491
1662376421915 5.9405940594059405 492
1662376423201 5.9405940594059405 493
1662376424450 5.9405940594059405 494
1662376425801 6.506364922206506 495
1662376427059 6.534653465346535 496
1662376428271 6.789250353606789 497
1662376429548 6.789250353606789 498
1662376430803 6.789250353606789 499
1662376432020 6.789250353606789 500
1662376433288 6.789250353606789 501
1662376434529 6.6006600660066015 502
1662376435792 6.565919749869724 503
1662376437050 6.565919749869724 504
1662376438333 6.565919749869724 505
1662376439597 6.565919749869724 506
1662376440872 6.565919749869724 507
1662376442153 6.565919749869724 508
1662376443401 7.524752475247524 509
1662376444643 7.524752475247524 510
1662376445905 6.565919749869724 511
1662376447117 6.455908748769615 512
1662376448385 6.455908748769615 513
1662376449707 6.455908748769615 514
1662376450987 6.367899947889527 515
1662376452270 6.441467676179383 516
1662376453502 6.441467676179383 517
1662376454740 6.441467676179383 518
1662376456016 6.441467676179383 519
1662376457342 6.485148514851486 520
1662376458640 6.441467676179383 521
1662376459882 6.907396622015143 522
1662376461157 6.907396622015143 523
1662376462418 6.907396622015143 524
1662376463730 6.9365171811298785 525
1662376465034 6.95248651999925 526
1662376466280 6.95248651999925 527
1662376467562 6.913659107846271 528
1662376468853 6.95248651999925 529
1662376470154 6.95248651999925 530
1662376471389 6.913659107846271 531
1662376472626 6.913659107846271 532
1662376473897 6.913659107846271 533
1662376475197 6.862949452840021 534
1662376476477 6.862949452840021 535
1662376477759 7.029702970297029 536
1662376479049 7.142857142857142 537
1662376480320 6.778370144706779 538
1662376481550 6.529476477059472 539
1662376482790 6.529476477059472 540
1662376484070 6.529476477059472 541
1662376485356 6.529476477059472 542
1662376486618 6.490649064906491 543
1662376487890 6.490649064906491 544
1662376489178 6.490649064906491 545
1662376490447 6.490649064906491 546
1662376491704 6.455908748769615 547
1662376492965 6.424642464246425 548
1662376494205 6.455908748769615 549
1662376495489 6.455908748769615 550
1662376496841 6.455908748769615 551
1662376498086 4.303122619954303 552
1662376499392 4.203991827754204 553
1662376500644 3.949394939493949 554
1662376501948 3.949394939493949 555
1662376503244 6.424642464246425 556
1662376504514 6.424642464246425 557
1662376505783 6.424642464246425 558
1662376507059 6.455908748769615 559
1662376508330 6.455908748769615 560
1662376509616 6.455908748769615 561
1662376510879 6.455908748769615 562
1662376512156 6.455908748769615 563
1662376513435 3.9806612240171386 564
1662376514699 4.015401540154015 565
1662376515935 4.015401540154015 566
1662376517232 4.054228952306995 567
1662376518533 4.054228952306995 568
1662376519881 4.054228952306995 569
1662376521162 4.054228952306995 570
1662376522441 4.4942729567074355 571
1662376523738 4.482379875507425 572
1662376525026 4.4942729567074355 573
1662376526323 4.468018230394468 574
1662376527588 4.534276957107475 575
1662376528865 4.495449544954495 576
1662376530157 4.534276957107475 577
1662376531397 4.495449544954495 578
1662376532701 4.41532388532971 579
1662376533999 4.015401540154015 580
1662376535265 4.054228952306995 581
1662376536524 4.203991827754204 582
1662376537810 4.203991827754204 583
1662376539053 4.054228952306995 584
1662376540339 4.054228952306995 585
1662376541555 4.054228952306995 586
1662376542801 4.054228952306995 587
1662376544046 4.203991827754204 588
1662376545337 4.203991827754204 589
1662376546609 4.203991827754204 590
1662376547910 4.203991827754204 591
1662376549175 6.679239352506679 592
1662376550446 6.679239352506679 593
1662376551688 6.679239352506679 594
1662376552942 6.679239352506679 595
1662376554209 6.679239352506679 596
1662376555484 4.203991827754204 597
1662376556820 4.203991827754204 598
1662376558085 6.5731573157315735 599
1662376559368 6.5731573157315735 600
1662376560679 6.5731573157315735 601
1662376561927 6.5731573157315735 602
1662376563204 6.529476477059472 603
1662376564415 6.529476477059472 604
1662376565689 6.5731573157315735 605
1662376566971 6.5731573157315735 606
1662376568277 6.5731573157315735 607
1662376569543 6.5731573157315735 608
1662376570842 6.5731573157315735 609
1662376572129 6.5731573157315735 610
1662376573419 6.5731573157315735 611
1662376574667 6.5731573157315735 612
1662376575935 6.5731573157315735 613
1662376577253 6.5731573157315735 614
1662376578501 4.097909790979099 615
1662376579787 4.097909790979099 616
1662376581052 4.097909790979099 617
1662376582338 4.097909790979099 618
1662376583655 4.054228952306995 619
1662376584923 3.9662201514269073 620
1662376586254 3.892652423137051 621
1662376587559 4.059405940594059 622
1662376588909 6.534653465346535 623
1662376590181 6.534653465346535 624
1662376591417 4.059405940594059 625
1662376592649 4.059405940594059 626
1662376593928 4.1474147414741465 627
1662376595184 4.1474147414741465 628
1662376596454 4.1474147414741465 629
1662376597805 4.1474147414741465 630
1662376599083 4.1474147414741465 631
1662376600336 4.1474147414741465 632
1662376601635 4.1474147414741465 633
1662376602910 4.1474147414741465 634
1662376604145 4.203991827754204 635
1662376605381 4.203991827754204 636
1662376606613 4.203991827754204 637
1662376607905 4.203991827754204 638
1662376609204 4.203991827754204 639
1662376610477 4.303122619954303 640
1662376611772 4.3792840822543795 641
1662376613028 4.203991827754204 642
1662376614260 4.203991827754204 643
1662376615542 4.303122619954303 644
1662376616820 4.172560113154173 645
1662376618049 4.009900990099011 646
1662376619324 4.009900990099011 647
1662376620628 4.059405940594059 648
1662376621949 4.009900990099011 649
1662376623220 4.009900990099011 650
1662376624493 4.059405940594059 651
1662376625788 4.172560113154173 652
1662376627065 4.172560113154173 653
1662376628359 3.927392739273927 654
1662376629617 4.455445544554455 655
1662376630916 4.455445544554455 656
1662376632171 6.9306930693069315 657
1662376633456 6.9306930693069315 658
1662376634722 6.9306930693069315 659
1662376635994 6.9306930693069315 660
1662376637247 6.9306930693069315 661
1662376638528 6.9306930693069315 662
1662376639828 6.9306930693069315 663
1662376641112 6.9306930693069315 664
1662376642389 6.9306930693069315 665
1662376643709 6.9306930693069315 666
1662376644971 6.9306930693069315 667
1662376646239 7.110711071107111 668
1662376647499 7.110711071107111 669
1662376648784 7.110711071107111 670
1662376650089 7.110711071107111 671
1662376651318 7.110711071107111 672
1662376652593 7.110711071107111 673
1662376653919 6.622662266226623 674
1662376655119 6.622662266226623 675
1662376656376 6.622662266226623 676
1662376657686 6.622662266226623 677
1662376658997 6.622662266226623 678
1662376660230 6.622662266226623 679
1662376661491 6.9306930693069315 680
1662376662786 7.110711071107111 681
1662376664062 7.110711071107111 682
1662376665301 7.110711071107111 683
1662376666573 7.110711071107111 684
1662376667841 7.110711071107111 685
1662376669095 7.326732673267328 686
1662376670358 7.110711071107111 687
1662376671604 6.622090780506622 688
1662376672910 6.622090780506622 689
1662376674197 3.6067892503536063 690
1662376675439 3.6067892503536063 691
1662376676726 3.6067892503536063 692
1662376677963 4.305682669107248 693
1662376679215 4.686897261154687 694
1662376680451 4.635463546354635 695
1662376681676 4.455445544554455 696
1662376682957 6.9306930693069315 697
1662376684220 6.9306930693069315 698
1662376685445 6.9306930693069315 699
1662376686690 6.9306930693069315 700
1662376687924 6.9306930693069315 701
1662376689170 6.9306930693069315 702
1662376690423 4.455445544554455 703
1662376691711 4.455445544554455 704
1662376693033 4.455445544554455 705
1662376694298 4.455445544554455 706
1662376695565 4.303122619954303 707
1662376696811 6.778370144706779 708
1662376698095 6.778370144706779 709
1662376699365 6.778370144706779 710
1662376700646 6.854531607006854 711
1662376701892 6.854531607006854 712
1662376703146 6.778370144706779 713
1662376704430 7.289388988526644 714
1662376705788 7.158826481726514 715
1662376707061 4.172560113154173 716
1662376708307 4.059405940594059 717
1662376709591 4.059405940594059 718
1662376710874 4.059405940594059 719
1662376712166 4.172560113154173 720
1662376713453 4.638489058989933 721
1662376714729 4.303122619954303 722
1662376716010 4.303122619954303 723
1662376717285 4.755739310194756 724
1662376718521 4.755739310194756 725
1662376719798 4.512022630834512 726
1662376721092 4.525334886429819 727
1662376722368 4.525334886429819 728
1662376723665 4.358581368972811 729
1662376724909 4.446590169852899 730
1662376726166 7.068206820682069 731
1662376727433 7.068206820682069 732
1662376728720 6.5731573157315735 733
1662376729991 6.854531607006854 734
1662376731278 6.854531607006854 735
1662376732522 6.854531607006854 736
1662376733787 6.9306930693069315 737
1662376735001 6.9306930693069315 738
1662376736277 6.9306930693069315 739
1662376737510 6.9306930693069315 740
1662376738782 6.9306930693069315 741
1662376740043 7.110711071107111 742
1662376741316 7.110711071107111 743
1662376742583 7.110711071107111 744
1662376743855 4.635463546354635 745
1662376745093 4.635463546354635 746
1662376746317 4.635463546354635 747
1662376747590 4.635463546354635 748
1662376748859 4.635463546354635 749
1662376750115 4.635463546354635 750
1662376751412 4.635463546354635 751
1662376752669 4.635463546354635 752
1662376753933 4.635463546354635 753
1662376755231 4.635463546354635 754
1662376756504 4.455445544554455 755
1662376757740 4.455445544554455 756
1662376759028 4.455445544554455 757
1662376760285 4.303122619954303 758
1662376761598 4.3792840822543795 759
1662376762858 4.3792840822543795 760
1662376764114 4.3792840822543795 761
1662376765389 4.3792840822543795 762
1662376766752 4.455445544554455 763
1662376767998 4.455445544554455 764
1662376769250 4.455445544554455 765
1662376770542 4.303122619954303 766
1662376771828 4.455445544554455 767
1662376773059 4.303122619954303 768
1662376774322 4.303122619954303 769
1662376775579 4.172560113154173 770
1662376776848 4.1474147414741465 771
1662376778117 4.1474147414741465 772
1662376779373 4.097909790979099 773
1662376780584 4.203991827754204 774
1662376781820 4.203991827754204 775
1662376783068 4.1474147414741465 776
1662376784317 4.1474147414741465 777
1662376785580 4.203991827754204 778
1662376786861 4.172560113154173 779
1662376788105 4.059405940594059 780
1662376789405 4.059405940594059 781
1662376790674 4.059405940594059 782
1662376791932 4.059405940594059 783
1662376793223 4.059405940594059 784
1662376794528 4.009900990099011 785
1662376795823 4.009900990099011 786
1662376797093 3.894212950706836 787
1662376798353 3.894212950706836 788
1662376799647 3.9603960396039604 789
1662376800916 3.9603960396039604 790
1662376802187 4.455445544554455 791
1662376803462 4.520919833918876 792
1662376804729 4.488448844884489 793
1662376805992 4.488448844884489 794
1662376807219 4.488448844884489 795
1662376808442 4.44047447341083 796
1662376809696 4.422265755987364 797
1662376810965 4.4942729567074355 798
1662376811723 4.4942729567074355 798
