1662375794586 10.048235592790048 0
1662375795790 10.048235592790048 1
1662375797168 10.048235592790048 2
1662375798424 10.048235592790048 3
1662375799686 10.048235592790048 4
1662375800901 10.048235592790048 5
1662375802139 10.048235592790048 6
1662375803410 10.048235592790048 7
1662375804679 10.048235592790048 8
1662375805929 10.048235592790048 9
1662375807176 10.048235592790048 10
1662375808422 10.048235592790048 11
1662375809678 10.048235592790048 12
1662375810966 10.048235592790048 13
1662375812186 10.048235592790048 14
1662375813411 10.048235592790048 15
1662375814666 10.048235592790048 16
1662375815894 10.048235592790048 17
1662375817199 10.048235592790048 18
1662375818469 10.048235592790048 19
1662375819735 10.048235592790048 20
1662375821051 10.048235592790048 21
1662375822336 10.048235592790048 22
1662375823577 10.048235592790048 23
1662375824815 10.048235592790048 24
1662375826077 10.048235592790048 25
1662375827282 10.048235592790048 26
1662375828566 10.048235592790048 27
1662375829824 10.048235592790048 28
1662375831078 10.048235592790048 29
1662375832346 10.048235592790048 30
1662375833623 10.048235592790048 31
1662375834871 10.048235592790048 32
1662375836142 10.048235592790048 33
1662375837386 10.048235592790048 34
1662375838646 10.048235592790048 35
1662375839905 10.048235592790048 36
1662375841160 10.048235592790048 37
1662375842442 10.048235592790048 38
1662375843708 10.048235592790048 39
1662375845025 10.048235592790048 40
1662375846318 10.048235592790048 41
1662375847607 10.048235592790048 42
1662375848887 10.048235592790048 43
1662375850126 10.048235592790048 44
1662375851426 10.048235592790048 45
1662375852686 10.048235592790048 46
1662375853942 10.048235592790048 47
1662375855201 10.048235592790048 48
1662375856467 10.048235592790048 49
1662375857741 10.048235592790048 50
1662375859028 10.048235592790048 51
1662375860321 10.048235592790048 52
1662375861665 10.048235592790048 53
1662375862937 10.048235592790048 54
1662375864195 10.048235592790048 55
1662375865489 10.048235592790048 56
1662375866761 10.048235592790048 57
1662375868072 10.048235592790048 58
1662375869312 10.048235592790048 59
1662375870604 10.048235592790048 60
1662375871916 10.048235592790048 61
1662375873296 10.048235592790048 62
1662375874567 10.048235592790048 63
1662375875821 10.506156384869255 64
1662375877100 10.506156384869255 65
1662375878341 10.629918761106879 66
1662375879615 10.629918761106879 67
1662375880907 11.448518478221446 68
1662375882171 11.448518478221446 69
1662375883461 11.448518478221446 70
1662375884729 10.629918761106879 71
1662375885962 10.629918761106879 72
1662375887240 10.629918761106879 73
1662375888499 10.629918761106879 74
1662375889770 10.629918761106879 75
1662375891055 10.629918761106879 76
1662375892309 10.629918761106879 77
1662375893554 10.629918761106879 78
1662375894837 10.629918761106879 79
1662375896087 10.629918761106879 80
1662375897440 10.629918761106879 81
1662375898740 10.629918761106879 82
1662375899991 10.629918761106879 83
1662375901296 10.629918761106879 84
1662375902576 10.629918761106879 85
1662375903853 10.629918761106879 86
1662375905120 10.629918761106879 87
1662375906412 10.629918761106879 88
1662375907672 10.629918761106879 89
1662375908944 10.877443513582127 90
1662375910213 11.013582127443513 91
1662375911507 11.001795234468501 92
1662375912774 11.001795234468501 93
1662375914051 10.766057374968266 94
1662375915340 10.629918761106879 95
1662375916620 10.629918761106879 96
1662375917921 10.766057374968266 97
1662375919223 10.766057374968266 98
1662375920524 10.766057374968266 99
1662375921823 10.629918761106879 100
1662375923104 10.629918761106879 101
1662375924371 11.094911688971093 102
1662375925722 11.33064954847133 103
1662375927011 11.33064954847133 104
1662375928325 11.41142685697141 105
1662375929638 11.41142685697141 106
1662375930922 11.41142685697141 107
1662375932269 11.41142685697141 108
1662375933553 11.436241368497752 109
1662375934816 11.436241368497752 110
1662375936099 12.402766592448717 111
1662375937392 12.402766592448717 112
1662375938651 12.417241724172417 113
1662375939920 12.417241724172417 114
1662375941230 12.43341981256949 115
1662375942496 11.976088365139036 116
1662375943710 11.976088365139036 117
1662375944959 11.976088365139036 118
1662375946264 12.036094365739094 119
1662375947549 12.036094365739094 120
1662375948830 12.036094365739094 121
1662375950117 12.036094365739094 122
1662375951411 11.976088365139036 123
1662375952651 11.976088365139036 124
1662375953965 11.976088365139036 125
1662375955214 12.036094365739094 126
1662375956499 12.036094365739094 127
1662375957811 12.036094365739094 128
1662375959073 12.036094365739094 129
1662375960337 12.036094365739094 130
1662375961571 12.036094365739094 131
1662375962833 12.036094365739094 132
1662375964126 12.036094365739094 133
1662375965403 12.036094365739094 134
1662375966692 12.036094365739094 135
1662375967991 12.036094365739094 136
1662375969277 12.036094365739094 137
1662375970548 12.036094365739094 138
1662375971837 12.036094365739094 139
1662375973132 12.036094365739094 140
1662375974411 11.976088365139036 141
1662375975685 12.43341981256949 142
1662375976969 12.43341981256949 143
1662375978220 12.43341981256949 144
1662375979504 12.43341981256949 145
1662375980734 12.43341981256949 146
1662375982024 12.35264250406941 147
1662375983272 12.336464415672335 148
1662375984518 12.336464415672335 149
1662375985785 12.267556425972266 150
1662375987061 12.267556425972266 151
1662375988333 12.267556425972266 152
1662375989639 12.283734514369343 153
1662375990931 12.283734514369343 154
1662375992222 12.283734514369343 155
1662375993498 12.283734514369343 156
1662375994800 11.826403066938886 157
1662375996065 11.826403066938886 158
1662375997364 11.826403066938886 159
1662375998607 12.283734514369343 160
1662375999867 12.283734514369343 161
1662376001111 12.283734514369343 162
1662376002418 12.283734514369343 163
1662376003720 12.283734514369343 164
1662376004980 12.283734514369343 165
1662376006226 12.283734514369343 166
1662376007484 12.35264250406941 167
1662376008762 12.35264250406941 168
1662376010041 11.895311056638953 169
1662376011316 11.895311056638953 170
1662376012643 11.895311056638953 171
1662376013944 11.976088365139036 172
1662376015252 11.976088365139036 173
1662376016552 11.976088365139036 174
1662376017802 11.976088365139036 175
1662376019082 12.556123744242557 176
1662376020353 12.556123744242557 177
1662376021636 12.263899466869765 178
1662376022926 12.263899466869765 179
1662376024229 12.263899466869765 180
1662376025533 12.384488448844884 181
1662376026859 11.92244224422442 182
1662376028162 11.92244224422442 183
1662376029435 11.92244224422442 184
1662376030698 11.92244224422442 185
1662376032012 12.475247524752476 186
1662376033318 12.332233223322332 187
1662376034591 12.332233223322332 188
1662376035849 11.005100510051005 189
1662376037145 11.005100510051005 190
1662376038420 11.005100510051005 191
1662376039699 11.005100510051005 192
1662376041000 11.005100510051005 193
1662376042254 11.798179817981799 194
1662376043494 11.952445244524453 195
1662376044781 11.92244224422442 196
1662376046037 12.384488448844884 197
1662376047308 12.263899466869765 198
1662376048601 12.263899466869765 199
1662376049845 12.263899466869765 200
1662376051150 12.263899466869765 201
1662376052454 12.089445208257088 202
1662376053682 12.089445208257088 203
1662376054964 11.989520380609491 204
1662376056245 11.959517380309459 205
1662376057514 11.959517380309459 206
1662376058759 11.959517380309459 207
1662376060025 11.898814881488148 208
1662376061275 11.959517380309459 209
1662376062535 11.959517380309459 210
1662376063820 11.959517380309459 211
1662376065112 12.083015993907082 212
1662376066369 12.089445208257088 213
1662376067667 12.52020256970752 214
1662376068923 12.85140052466785 215
1662376070225 12.666766676667669 216
1662376071484 12.578488618092578 217
1662376072726 12.578488618092578 218
1662376073994 12.666766676667669 219
1662376075264 12.666766676667669 220
1662376076584 12.666766676667669 221
1662376077893 12.666766676667669 222
1662376079162 12.578488618092578 223
1662376080452 12.503233839867503 224
1662376081718 12.503233839867503 225
1662376083008 12.503233839867503 226
1662376084285 12.438315260097438 227
1662376085544 11.553258267003171 228
1662376086807 11.487898789878988 229
1662376088131 11.487898789878988 230
1662376089404 11.366886688668867 231
1662376090673 11.43224616579305 232
1662376091949 11.3998899889989 233
1662376093234 11.742888574571744 234
1662376094467 11.775244751365895 235
1662376095742 11.775244751365895 236
1662376097016 11.742888574571744 237
1662376098254 11.742888574571744 238
1662376099570 11.742888574571744 239
1662376100820 11.742888574571744 240
1662376102088 11.775244751365895 241
1662376103349 11.812962808885931 242
1662376104582 11.869923902538929 243
1662376105844 11.869923902538929 244
1662376107118 11.869923902538929 245
1662376108398 11.869923902538929 246
1662376109688 11.869923902538929 247
1662376110909 11.869923902538929 248
1662376112206 10.455496745537513 249
1662376113513 10.455496745537513 250
1662376114772 11.32056062749132 251
1662376116027 11.575392429352824 252
1662376117288 11.575392429352824 253
1662376118573 11.575392429352824 254
1662376119886 11.575392429352824 255
1662376121127 11.575392429352824 256
1662376122404 11.575392429352824 257
1662376123694 11.527420599202777 258
1662376124957 11.527420599202777 259
1662376126191 11.39128198534139 260
1662376127444 11.39128198534139 261
1662376128719 11.876901975911878 262
1662376129944 12.21122112211221 263
1662376131177 12.02081746636202 264
1662376132443 11.001100110011 265
1662376133707 10.924938647710922 266
1662376134958 10.924938647710922 267
1662376136239 10.924938647710922 268
1662376137524 10.924938647710922 269
1662376138795 10.859657394310858 270
1662376140063 12.245796008172244 271
1662376141338 10.859657394310858 272
1662376142618 10.814081408140813 273
1662376143847 11.744299429942993 274
1662376145153 11.744299429942993 275
1662376146454 11.806180618061806 276
1662376147729 11.806180618061806 277
1662376149016 11.806180618061806 278
1662376150302 11.108396553941107 279
1662376151575 11.108396553941107 280
1662376152888 11.108396553941107 281
1662376154111 11.252312044391251 282
1662376155393 11.298008921771299 283
1662376156668 11.298008921771299 284
1662376157947 11.72088637435172 285
1662376159208 11.424642464246425 286
1662376160501 11.448216250196449 287
1662376161758 11.976269055476978 288
1662376163060 13.411912619833414 289
1662376164332 13.411912619833414 290
1662376165632 13.411912619833414 291
1662376166886 13.411912619833414 292
1662376168171 13.411912619833414 293
1662376169462 13.411912619833414 294
1662376170765 13.540661758483541 295
1662376172072 13.540661758483541 296
1662376173339 13.41964965727342 297
1662376174597 13.41964965727342 298
1662376175943 13.221629855293223 299
1662376177190 13.382838283828386 300
1662376178488 12.501964482162501 301
1662376179787 12.501964482162501 302
1662376181035 13.261826182618265 303
1662376182272 11.314631463146316 304
1662376183545 11.314631463146316 305
1662376184809 11.314631463146316 306
1662376186080 11.314631463146316 307
1662376187389 11.314631463146316 308
1662376188658 11.314631463146316 309
1662376189931 11.314631463146316 310
1662376191179 11.314631463146316 311
1662376192440 12.66776677667767 312
1662376193743 12.66776677667767 313
1662376195030 11.647164716471648 314
1662376196345 11.647164716471648 315
1662376197609 10.294029402940295 316
1662376198846 10.294029402940295 317
1662376200145 10.294029402940295 318
1662376201425 10.126512651265127 319
1662376202702 10.126512651265127 320
1662376204008 10.126512651265127 321
1662376205268 10.075738343065076 322
1662376206634 10.075738343065076 323
1662376207945 10.044004400440045 324
1662376209206 9.209492377809209 325
1662376210507 9.209492377809209 326
1662376211752 9.209492377809209 327
1662376213010 9.233990625953352 328
1662376214270 10.587125939484705 329
1662376215572 10.587125939484705 330
1662376216826 10.587125939484705 331
1662376218092 11.459356019635576 332
1662376219346 11.459356019635576 333
1662376220612 10.414505736287914 334
1662376221909 10.414505736287914 335
1662376223237 11.084394153701083 336
1662376224526 11.193305044790195 337
1662376225788 11.084394153701083 338
1662376227047 11.084394153701083 339
1662376228333 11.084394153701083 340
1662376229600 11.084394153701083 341
1662376230919 11.193305044790195 342
1662376232204 11.193305044790195 343
1662376233518 11.220505567040219 344
1662376234794 11.220505567040219 345
1662376236042 11.155586987270157 346
1662376237299 11.099009900990097 347
1662376238615 11.47029702970297 348
1662376239908 11.47029702970297 349
1662376241189 11.47029702970297 350
1662376242451 11.47029702970297 351
1662376243728 11.47029702970297 352
1662376244990 11.47029702970297 353
1662376246276 11.47029702970297 354
1662376247560 11.458195819581956 355
1662376248841 11.821232123212322 356
1662376250121 11.749644082055264 357
1662376251357 11.731443732608556 358
1662376252641 11.731443732608556 359
1662376253915 11.01896071960137 360
1662376255170 10.387174011518798 361
1662376256466 10.387174011518798 362
1662376257764 10.387174011518798 363
1662376259050 10.75360771371255 364
1662376260314 10.423574710412217 365
1662376261627 10.493949394939495 366
1662376262932 10.493949394939495 367
1662376264233 10.493949394939495 368
1662376265493 10.423574710412217 369
1662376266767 10.423574710412217 370
1662376268036 10.773021419789039 371
1662376269290 10.773021419789039 372
1662376270550 10.99414353200026 373
1662376271790 10.99414353200026 374
1662376273086 10.99414353200026 375
1662376274381 10.99414353200026 376
1662376275654 10.99414353200026 377
1662376276932 11.10305442308937 378
1662376278198 10.61156409758623 379
1662376279472 10.61156409758623 380
1662376280722 11.818934834659938 381
1662376282041 11.895410969668395 382
1662376283329 11.895410969668395 383
1662376284596 11.540625491120542 384
1662376285903 11.38975326104039 385
1662376287183 11.280842369951282 386
1662376288422 11.280842369951282 387
1662376289710 11.280842369951282 388
1662376291016 11.280842369951282 389
1662376292286 11.15983026874116 390
1662376293537 11.15983026874116 391
1662376294761 11.15983026874116 392
1662376296004 11.15983026874116 393
1662376297276 11.15983026874116 394
1662376298533 11.15983026874116 395
1662376299795 11.15983026874116 396
1662376301076 11.495756718528996 397
1662376302327 11.476897689768977 398
1662376303639 11.46039603960396 399
1662376304895 11.46039603960396 400
1662376306175 11.46039603960396 401
1662376307496 11.46039603960396 402
1662376308821 11.46039603960396 403
1662376310075 11.46039603960396 404
1662376311355 11.368180935740636 405
1662376312638 11.346340516404581 406
1662376313937 11.267067883258914 407
1662376315185 10.949977350676244 408
1662376316481 10.979097909790978 409
1662376317768 10.979097909790978 410
1662376319063 10.979097909790978 411
1662376320351 10.979097909790978 412
1662376321612 11.554298286971552 413
1662376322881 11.554298286971552 414
1662376324138 11.554298286971552 415
1662376325376 11.525177727856818 416
1662376326675 11.587301587301587 417
1662376327906 11.431714600031432 418
1662376329153 11.431714600031432 419
1662376330393 11.431714600031432 420
1662376331675 11.012101210121013 421
1662376332940 11.012101210121013 422
1662376334184 11.012101210121013 423
1662376335465 10.011001100110011 424
1662376336752 10.248899889988998 425
1662376338029 10.248899889988998 426
1662376339274 10.248899889988998 427
1662376340508 10.667923935250666 428
1662376341798 10.667923935250666 429
1662376343059 11.651551709792827 430
1662376344314 12.52239509665252 431
1662376345581 12.52239509665252 432
1662376346797 12.52239509665252 433
1662376348039 12.273102310231025 434
1662376349256 12.273102310231025 435
1662376350520 12.321636575422247 436
1662376351768 12.376237623762377 437
1662376353073 12.376237623762377 438
1662376354302 12.376237623762377 439
1662376355580 12.376237623762377 440
1662376356872 12.376237623762377 441
1662376358129 12.376237623762377 442
1662376359440 12.376237623762377 443
1662376360693 12.321636575422247 444
1662376361945 12.321636575422247 445
1662376363206 12.321636575422247 446
1662376364489 12.19374878664337 447
1662376365767 12.19374878664337 448
1662376367041 12.19374878664337 449
1662376368278 11.26310425160163 450
1662376369536 12.631770529994176 451
1662376370784 12.631770529994176 452
1662376372073 12.631770529994176 453
1662376373329 12.631770529994176 454
1662376374584 12.631770529994176 455
1662376375851 12.631770529994176 456
1662376377143 13.38672102504368 457
1662376378463 13.38672102504368 458
1662376379840 13.38672102504368 459
1662376381150 13.38672102504368 460
1662376382493 13.38672102504368 461
1662376383709 13.38672102504368 462
1662376384981 13.38672102504368 463
1662376386260 13.38672102504368 464
1662376387620 12.631770529994176 465
1662376388909 12.394357082767101 466
1662376390209 12.394357082767101 467
1662376391484 12.394357082767101 468
1662376392747 12.394357082767101 469
1662376394033 13.38672102504368 470
1662376395331 13.38672102504368 471
1662376396603 13.38672102504368 472
1662376397874 12.244224422442244 473
1662376399103 12.158531642637946 474
1662376400388 12.075733889178391 475
1662376401734 12.133055410804237 476
1662376402998 12.133055410804237 477
1662376404250 12.394357082767101 478
1662376405520 12.95532074215825 479
1662376406795 12.95532074215825 480
1662376408069 13.38672102504368 481
1662376409316 13.38672102504368 482
1662376410585 13.568239176858862 483
1662376411852 13.323903818953326 484
1662376413146 13.323903818953326 485
1662376414400 13.398251913103397 486
1662376415642 13.323903818953326 487
1662376416895 12.940920465672939 488
1662376418173 12.021542813622021 489
1662376419429 12.54198213939041 490
1662376420715 12.54198213939041 491
1662376421917 11.82533904650969 492
1662376423203 12.021542813622021 493
1662376424452 12.021542813622021 494
1662376425803 11.947194719471947 495
1662376427061 10.92998585572843 496
1662376428273 10.92998585572843 497
1662376429550 10.907025414887963 498
1662376430805 10.92998585572843 499
1662376432022 10.92998585572843 500
1662376433290 10.92998585572843 501
1662376434531 10.92998585572843 502
1662376435794 10.806223479490807 503
1662376437052 10.806223479490807 504
1662376438335 10.806223479490807 505
1662376439599 11.141560584629891 506
1662376440874 11.141560584629891 507
1662376442155 11.141560584629891 508
1662376443403 10.957095709570957 509
1662376444645 10.957095709570957 510
1662376445907 10.224228305183459 511
1662376447119 9.917491749174918 512
1662376448387 9.917491749174918 513
1662376449709 11.913220733838088 514
1662376450989 11.687698181582864 515
1662376452272 10.275027502750273 516
1662376453504 10.343784378437842 517
1662376454742 10.376787678767876 518
1662376456018 10.376787678767876 519
1662376457344 9.650715071507152 520
1662376458644 9.969099851161586 521
1662376459883 10.638988268574758 522
1662376461159 10.638988268574758 523
1662376462420 11.411120426845528 524
1662376463732 11.810557429369311 525
1662376465036 11.810557429369311 526
1662376466282 11.810557429369311 527
1662376467564 11.810557429369311 528
1662376468855 11.810557429369311 529
1662376470156 12.478874261052479 530
1662376471391 12.478874261052479 531
1662376472628 12.279897107357796 532
1662376473899 12.279897107357796 533
1662376475200 12.279897107357796 534
1662376476479 12.318724519510775 535
1662376477761 12.29333736541075 536
1662376479051 12.372112211221122 537
1662376480322 12.372112211221122 538
1662376481552 12.652640264026402 539
1662376482792 12.652640264026402 540
1662376484072 12.652640264026402 541
1662376485358 12.652640264026402 542
1662376486620 12.652640264026402 543
1662376487892 12.652640264026402 544
1662376489180 12.652640264026402 545
1662376490449 12.632013201320133 546
1662376491706 11.755969714618521 547
1662376492968 11.755969714618521 548
1662376494207 11.719569015725101 549
1662376495491 11.4065230052417 550
1662376496843 11.37012230634828 551
1662376498088 11.37012230634828 552
1662376499394 11.421083284799069 553
1662376500647 11.421083284799069 554
1662376501950 11.421083284799069 555
1662376503246 11.421083284799069 556
1662376504516 11.421083284799069 557
1662376505785 11.493399339933994 558
1662376507061 11.493399339933994 559
1662376508333 11.493399339933994 560
1662376509618 11.493399339933994 561
1662376510881 11.435643564356436 562
1662376512158 11.435643564356436 563
1662376513437 11.435643564356436 564
1662376514701 11.435643564356436 565
1662376515936 11.435643564356436 566
1662376517234 11.435643564356436 567
1662376518536 11.435643564356436 568
1662376519882 11.435643564356436 569
1662376521164 11.435643564356436 570
1662376522443 11.435643564356436 571
1662376523740 11.435643564356436 572
1662376525027 11.435643564356436 573
1662376526325 11.806930693069306 574
1662376527590 11.806930693069306 575
1662376528867 11.806930693069306 576
1662376530159 12.611386138613861 577
1662376531398 12.632013201320133 578
1662376532704 12.632013201320133 579
1662376534000 12.713342762847713 580
1662376535267 12.086280056577086 581
1662376536525 12.179487179487179 582
1662376537812 12.296902767199798 583
1662376539055 12.296902767199798 584
1662376540341 12.296902767199798 585
1662376541557 12.923965473470423 586
1662376542803 12.296902767199798 587
1662376544047 12.062706270627062 588
1662376545338 11.410891089108912 589
1662376546611 11.429750117868931 590
1662376547912 11.451510535668953 591
1662376549177 11.36900228484387 592
1662376550448 11.36900228484387 593
1662376551689 11.36900228484387 594
1662376552943 11.451510535668953 595
1662376554211 12.201247597287201 596
1662376555486 12.232981539912233 597
1662376556822 12.232981539912233 598
1662376558087 12.132339607587134 599
1662376559371 11.666031987814169 600
1662376560681 12.194084793094694 601
1662376561929 12.194084793094694 602
1662376563205 12.194084793094694 603
1662376564416 11.666031987814169 604
1662376565691 11.713179559714213 605
1662376566972 12.185833968012187 606
1662376568279 11.888260254596887 607
1662376569544 11.888260254596887 608
1662376570845 11.806930693069306 609
1662376572131 11.806930693069306 610
1662376573421 11.735342651912251 611
1662376574668 11.93336245389245 612
1662376575937 12.560425160163074 613
1662376577255 12.560425160163074 614
1662376578503 12.560425160163074 615
1662376579789 12.560425160163074 616
1662376581055 10.64574839836925 617
1662376582339 9.643273150844497 618
1662376583658 9.731848184818483 619
1662376584925 9.643273150844497 620
1662376586256 11.055458487025172 621
1662376587561 11.055458487025172 622
1662376588912 11.055458487025172 623
1662376590184 11.055458487025172 624
1662376591420 11.137157833430402 625
1662376592651 11.137157833430402 626
1662376593930 11.055458487025172 627
1662376595186 11.040331974373906 628
1662376596456 11.040331974373906 629
1662376597807 11.918235941241184 630
1662376599085 11.93336245389245 631
1662376600338 12.004950495049505 632
1662376601637 12.004950495049505 633
1662376602913 12.004950495049505 634
1662376604147 12.560425160163074 635
1662376605382 12.560425160163074 636
1662376606615 11.755969714618521 637
1662376607907 11.755969714618521 638
1662376609206 11.755969714618521 639
1662376610479 11.755969714618521 640
1662376611774 12.098968300191364 641
1662376613030 11.695568554916253 642
1662376614262 11.695568554916253 643
1662376615544 11.695568554916253 644
1662376616822 11.695568554916253 645
1662376618051 11.695568554916253 646
1662376619327 11.695568554916253 647
1662376620630 11.695568554916253 648
1662376621951 11.695568554916253 649
1662376623222 11.695568554916253 650
1662376624494 11.742716126816301 651
1662376625790 11.606577512954914 652
1662376627068 11.606577512954914 653
1662376628361 11.04308224940141 654
1662376629619 11.04308224940141 655
1662376630918 11.064380436104374 656
1662376632173 11.038325199001717 657
1662376633458 11.559429941054868 658
1662376634724 11.222279467765782 659
1662376635995 11.222279467765782 660
1662376637249 11.97218986604543 661
1662376638530 11.946802711945404 662
1662376639831 11.946802711945404 663
1662376641114 11.97218986604543 664
1662376642391 11.790037035377747 665
1662376643711 11.833058305830583 666
1662376644973 11.704442503073837 667
1662376646240 11.354995793697016 668
1662376647501 11.384116352811752 669
1662376648786 11.384116352811752 670
1662376650091 10.314987381091049 671
1662376651319 10.282631204296901 672
1662376652595 11.787031644340905 673
1662376653920 12.635687938541754 674
1662376655121 12.672088637435172 675
1662376656378 12.672088637435172 676
1662376657688 12.672088637435172 677
1662376658999 12.672088637435172 678
1662376660232 12.635687938541754 679
1662376661493 12.635687938541754 680
1662376662789 12.657249241407659 681
1662376664064 12.496926163204556 682
1662376665303 11.675645505727045 683
1662376666575 11.999195717891114 684
1662376667843 11.957941592478575 685
1662376669097 11.554298286971552 686
1662376670360 11.237207754388882 687
1662376671606 11.683168316831685 688
1662376672912 11.683168316831685 689
1662376674199 11.732673267326732 690
1662376675440 11.732673267326732 691
1662376676728 11.914191419141913 692
1662376677965 11.864686468646864 693
1662376679217 11.864686468646864 694
1662376680453 11.407355021216409 695
1662376681678 11.407355021216409 696
1662376682959 11.407355021216409 697
1662376684222 11.053748231966052 698
1662376685447 11.053748231966052 699
1662376686692 10.585808580858085 700
1662376687926 10.585808580858085 701
1662376689172 11.08085808580858 702
1662376690425 10.585808580858085 703
1662376691713 10.585808580858085 704
1662376693035 11.08085808580858 705
1662376694299 11.035235876528828 706
1662376695567 11.308815866106734 707
1662376696813 11.308815866106734 708
1662376698097 10.541804180418042 709
1662376699367 10.541804180418042 710
1662376700648 11.136256482791136 711
1662376701893 11.15983026874116 712
1662376703148 10.816831683168317 713
1662376704432 9.761904761904761 714
1662376705790 9.828035435122459 715
1662376707062 9.112937609550427 716
1662376708309 8.610869328691113 717
1662376709593 8.7994596162913 718
1662376710877 11.392576070793893 719
1662376712168 11.825146800394325 720
1662376713455 11.194384966446954 721
1662376714731 10.298208392267798 722
1662376716012 11.026609745994843 723
1662376717287 11.026609745994843 724
1662376718523 11.041084877718541 725
1662376719800 10.298208392267798 726
1662376721094 10.51037246581801 727
1662376722370 11.266340919806266 728
1662376723667 11.266340919806266 729
1662376724911 10.87030131584587 730
1662376726168 10.87030131584587 731
1662376727434 10.89511582737221 732
1662376728722 11.597186034392912 733
1662376729993 11.03029851857366 734
1662376731281 10.962667695340961 735
1662376732523 10.962667695340961 736
1662376733788 10.354464017830352 737
1662376735003 10.962667695340961 738
1662376736278 10.354464017830352 739
1662376737512 10.298208392267798 740
1662376738784 11.041084877718541 741
1662376740045 11.041084877718541 742
1662376741317 9.603537276804603 743
1662376742585 9.603537276804603 744
1662376743857 9.603537276804603 745
1662376745094 8.850536152516352 746
1662376746319 8.908563933316408 747
1662376747591 8.850536152516352 748
1662376748860 8.850536152516352 749
1662376750117 8.850536152516352 750
1662376751414 8.908563933316408 751
1662376752671 8.836061020792652 752
1662376753935 8.894088801592709 753
1662376755233 8.850536152516352 754
1662376756507 9.201406982803542 755
1662376757741 9.102397081813443 756
1662376759031 9.061215332059522 757
1662376760287 9.061215332059522 758
1662376761600 9.596992262251435 759
1662376762860 9.596992262251435 760
1662376764115 9.655233380480905 761
1662376765391 10.920465672940919 762
1662376766754 11.486236535741485 763
1662376768000 9.72997299729973 764
1662376769253 9.153338410764151 765
1662376770545 8.608783955318609 766
1662376771831 9.773419649657273 767
1662376773060 9.773419649657273 768
1662376774324 9.634696986182135 769
1662376775581 9.925742574257427 770
1662376776850 9.965833121773715 771
1662376778118 10.32040704070407 772
1662376779375 10.886640134601697 773
1662376780586 10.925778663839235 774
1662376781821 10.877337733773377 775
1662376783070 10.856710671067106 776
1662376784319 10.856710671067106 777
1662376785581 9.914312859857413 778
1662376786862 10.057362879145057 779
1662376788107 10.057362879145057 780
1662376789407 9.782335376394782 781
1662376790676 9.782335376394782 782
1662376791934 9.782335376394782 783
1662376793225 9.55013358478705 784
1662376794530 8.85806437786636 785
1662376795825 8.341584158415841 786
1662376797094 8.347518962422559 787
1662376798355 9.053905390539054 788
1662376799649 10.895142145793528 789
1662376800918 10.895142145793528 790
1662376802189 11.170169648543803 791
1662376803464 11.421819813560303 792
1662376804731 11.213595043714898 793
1662376805994 12.116264258004747 794
1662376807221 12.088761507729721 795
1662376808444 12.177570698246294 796
1662376809698 12.177570698246294 797
1662376810967 12.358037274315667 798
1662376811726 12.358037274315667 798
