1662375794586 13.906647807637906 0
1662375795789 13.906647807637906 1
1662375797168 13.906647807637906 2
1662375798423 13.906647807637906 3
1662375799686 13.906647807637906 4
1662375800901 13.928408225437927 5
1662375802139 13.928408225437927 6
1662375803409 13.928408225437927 7
1662375804678 13.928408225437927 8
1662375805928 13.928408225437927 9
1662375807175 13.928408225437927 10
1662375808421 13.928408225437927 11
1662375809678 13.928408225437927 12
1662375810965 13.928408225437927 13
1662375812185 13.928408225437927 14
1662375813410 13.928408225437927 15
1662375814665 13.928408225437927 16
1662375815893 13.928408225437927 17
1662375817198 13.928408225437927 18
1662375818469 13.928408225437927 19
1662375819734 13.928408225437927 20
1662375821050 13.928408225437927 21
1662375822335 13.928408225437927 22
1662375823576 13.928408225437927 23
1662375824815 13.928408225437927 24
1662375826076 13.928408225437927 25
1662375827281 13.928408225437927 26
1662375828566 13.928408225437927 27
1662375829823 13.928408225437927 28
1662375831078 13.928408225437927 29
1662375832345 13.928408225437927 30
1662375833623 13.928408225437927 31
1662375834871 13.928408225437927 32
1662375836142 13.928408225437927 33
1662375837385 13.928408225437927 34
1662375838645 13.928408225437927 35
1662375839904 13.928408225437927 36
1662375841159 13.928408225437927 37
1662375842442 13.928408225437927 38
1662375843707 13.928408225437927 39
1662375845025 13.928408225437927 40
1662375846317 13.928408225437927 41
1662375847607 13.928408225437927 42
1662375848886 13.928408225437927 43
1662375850125 13.928408225437927 44
1662375851425 13.928408225437927 45
1662375852686 13.928408225437927 46
1662375853941 13.928408225437927 47
1662375855200 13.928408225437927 48
1662375856466 13.928408225437927 49
1662375857740 13.928408225437927 50
1662375859027 13.928408225437927 51
1662375860321 13.928408225437927 52
1662375861664 13.928408225437927 53
1662375862936 13.928408225437927 54
1662375864194 13.928408225437927 55
1662375865489 13.928408225437927 56
1662375866760 13.928408225437927 57
1662375868071 13.928408225437927 58
1662375869312 13.928408225437927 59
1662375870604 13.928408225437927 60
1662375871915 13.928408225437927 61
1662375873295 13.928408225437927 62
1662375874567 13.928408225437927 63
1662375875821 13.928408225437927 64
1662375877099 13.928408225437927 65
1662375878341 13.928408225437927 66
1662375879614 13.928408225437927 67
1662375880906 13.928408225437927 68
1662375882171 13.928408225437927 69
1662375883460 13.928408225437927 70
1662375884729 13.928408225437927 71
1662375885961 13.928408225437927 72
1662375887239 13.928408225437927 73
1662375888498 13.928408225437927 74
1662375889769 13.928408225437927 75
1662375891055 13.928408225437927 76
1662375892308 13.539440757262538 77
1662375893554 13.539440757262538 78
1662375894836 13.539440757262538 79
1662375896086 13.517680339462515 80
1662375897439 13.517680339462515 81
1662375898740 13.517680339462515 82
1662375899990 13.517680339462515 83
1662375901296 13.517680339462515 84
1662375902576 13.517680339462515 85
1662375903853 13.517680339462515 86
1662375905120 13.517680339462515 87
1662375906411 13.4988213107025 88
1662375907671 13.4988213107025 89
1662375908943 14.002871715743003 90
1662375910213 14.002871715743003 91
1662375911506 14.002871715743003 92
1662375912773 13.70977097709771 93
1662375914051 13.70977097709771 94
1662375915340 13.667766776677666 95
1662375916619 13.667766776677666 96
1662375917920 13.667766776677666 97
1662375919223 13.667766776677666 98
1662375920524 13.438943894389437 99
1662375921822 13.438943894389437 100
1662375923103 13.422442244224422 101
1662375924370 13.422442244224422 102
1662375925721 13.422442244224422 103
1662375927010 13.29162916291629 104
1662375928325 13.308130813081306 105
1662375929637 13.308130813081306 106
1662375930921 13.308130813081306 107
1662375932268 13.308130813081306 108
1662375933553 13.308130813081306 109
1662375934816 13.326989841841325 110
1662375936098 13.326989841841325 111
1662375937391 13.308130813081306 112
1662375938650 13.308130813081306 113
1662375939920 13.308130813081306 114
1662375941229 12.555655565556556 115
1662375942495 12.555655565556556 116
1662375943709 12.555655565556556 117
1662375944959 12.555655565556556 118
1662375946264 12.555655565556556 119
1662375947549 12.555655565556556 120
1662375948829 12.574514594316577 121
1662375950116 12.574514594316577 122
1662375951410 12.574514594316577 123
1662375952651 12.574514594316577 124
1662375953964 12.574514594316577 125
1662375955213 12.574514594316577 126
1662375956499 12.574514594316577 127
1662375957810 12.574514594316577 128
1662375959073 12.574514594316577 129
1662375960337 12.574514594316577 130
1662375961570 12.574514594316577 131
1662375962832 12.574514594316577 132
1662375964125 12.574514594316577 133
1662375965403 12.574514594316577 134
1662375966691 12.574514594316577 135
1662375967990 12.574514594316577 136
1662375969277 12.574514594316577 137
1662375970547 12.574514594316577 138
1662375971836 12.574514594316577 139
1662375973131 12.574514594316577 140
1662375974410 12.574514594316577 141
1662375975684 12.574514594316577 142
1662375976968 12.291629162916292 143
1662375978220 12.52925292529253 144
1662375979504 12.52925292529253 145
1662375980734 12.52925292529253 146
1662375982023 12.52925292529253 147
1662375983271 12.52925292529253 148
1662375984517 12.52925292529253 149
1662375985785 12.52925292529253 150
1662375987061 12.52925292529253 151
1662375988332 12.52925292529253 152
1662375989639 12.52925292529253 153
1662375990930 12.52925292529253 154
1662375992222 12.52925292529253 155
1662375993497 12.52925292529253 156
1662375994799 12.52925292529253 157
1662375996064 12.52925292529253 158
1662375997363 12.52925292529253 159
1662375998606 12.52925292529253 160
1662375999867 12.52925292529253 161
1662376001111 12.52925292529253 162
1662376002417 12.52925292529253 163
1662376003719 12.52925292529253 164
1662376004980 12.52925292529253 165
1662376006226 12.52925292529253 166
1662376007484 12.52925292529253 167
1662376008762 12.52925292529253 168
1662376010041 12.848438690022848 169
1662376011315 12.848438690022848 170
1662376012642 12.848438690022848 171
1662376013943 12.848438690022848 172
1662376015251 12.848438690022848 173
1662376016551 12.718825728726719 174
1662376017802 12.718825728726719 175
1662376019081 12.718825728726719 176
1662376020352 12.718825728726719 177
1662376021635 12.718825728726719 178
1662376022925 12.718825728726719 179
1662376024228 12.848438690022848 180
1662376025532 13.017517136329019 181
1662376026858 13.11071107110711 182
1662376028161 13.11071107110711 183
1662376029434 13.11071107110711 184
1662376030697 12.952295229522951 185
1662376032012 12.952295229522951 186
1662376033317 12.952295229522951 187
1662376034591 12.952295229522951 188
1662376035849 12.952295229522951 189
1662376037144 12.952295229522951 190
1662376038419 12.952295229522951 191
1662376039698 12.952295229522951 192
1662376041000 12.952295229522951 193
1662376042254 12.766426642664266 194
1662376043493 12.766426642664266 195
1662376044780 12.621477532368623 196
1662376046037 12.61081492764661 197
1662376047307 12.61081492764661 198
1662376048601 12.61081492764661 199
1662376049844 12.766426642664266 200
1662376051149 12.766426642664266 201
1662376052453 12.766426642664266 202
1662376053682 12.896039603960396 203
1662376054964 12.896039603960396 204
1662376056244 12.896039603960396 205
1662376057514 12.896039603960396 206
1662376058758 12.896039603960396 207
1662376060025 12.896039603960396 208
1662376061274 12.896039603960396 209
1662376062535 12.896039603960396 210
1662376063819 12.896039603960396 211
1662376065111 12.896039603960396 212
1662376066368 12.896039603960396 213
1662376067666 12.896039603960396 214
1662376068923 12.896039603960396 215
1662376070224 12.896039603960396 216
1662376071483 12.896039603960396 217
1662376072725 13.054455445544551 218
1662376073993 13.054455445544551 219
1662376075263 13.054455445544551 220
1662376076584 13.054455445544551 221
1662376077892 13.054455445544551 222
1662376079161 13.054455445544551 223
1662376080452 13.054455445544551 224
1662376081717 13.054455445544551 225
1662376083007 13.054455445544551 226
1662376084285 13.054455445544551 227
1662376085543 13.054455445544551 228
1662376086806 13.054455445544551 229
1662376088130 13.054455445544551 230
1662376089403 12.52925292529253 231
1662376090672 12.52925292529253 232
1662376091949 11.96039603960396 233
1662376093233 11.96039603960396 234
1662376094466 11.96039603960396 235
1662376095742 11.96039603960396 236
1662376097015 11.96039603960396 237
1662376098254 11.96039603960396 238
1662376099570 11.96039603960396 239
1662376100819 11.96039603960396 240
1662376102088 12.376237623762377 241
1662376103348 12.376237623762377 242
1662376104581 12.376237623762377 243
1662376105844 12.376237623762377 244
1662376107118 12.376237623762377 245
1662376108397 12.673267326732674 246
1662376109688 12.673267326732674 247
1662376110909 12.673267326732674 248
1662376112205 12.673267326732674 249
1662376113512 12.333804809052333 250
1662376114771 12.333804809052333 251
1662376116026 12.895332390381894 252
1662376117288 12.895332390381894 253
1662376118572 12.895332390381894 254
1662376119885 12.895332390381894 255
1662376121126 13.234794908062236 256
1662376122404 13.234794908062236 257
1662376123693 12.673267326732674 258
1662376124956 12.673267326732674 259
1662376126190 12.673267326732674 260
1662376127443 12.673267326732674 261
1662376128719 12.673267326732674 262
1662376129943 12.673267326732674 263
1662376131177 12.145214521452145 264
1662376132443 12.145214521452145 265
1662376133706 12.145214521452145 266
1662376134958 12.145214521452145 267
1662376136239 12.145214521452145 268
1662376137524 12.145214521452145 269
1662376138795 12.145214521452145 270
1662376140062 12.145214521452145 271
1662376141337 12.145214521452145 272
1662376142618 12.145214521452145 273
1662376143847 12.145214521452145 274
1662376145153 12.145214521452145 275
1662376146453 12.145214521452145 276
1662376147728 12.145214521452145 277
1662376149015 12.145214521452145 278
1662376150301 12.145214521452145 279
1662376151574 12.145214521452145 280
1662376152887 11.96039603960396 281
1662376154110 11.96039603960396 282
1662376155392 12.262826282628263 283
1662376156668 12.262826282628263 284
1662376157946 12.262826282628263 285
1662376159207 12.262826282628263 286
1662376160501 12.896039603960396 287
1662376161757 12.766426642664266 288
1662376163059 12.766426642664266 289
1662376164332 12.766426642664266 290
1662376165631 12.766426642664266 291
1662376166885 11.12871287128713 292
1662376168170 11.12871287128713 293
1662376169461 11.12871287128713 294
1662376170764 10.56105610561056 295
1662376172071 10.56105610561056 296
1662376173338 10.56105610561056 297
1662376174596 10.56105610561056 298
1662376175942 10.56105610561056 299
1662376177190 9.768976897689768 300
1662376178487 10.165016501650163 301
1662376179786 10.165016501650163 302
1662376181035 9.768976897689768 303
1662376182271 9.768976897689768 304
1662376183545 10.336633663366337 305
1662376184809 10.336633663366337 306
1662376186079 11.775392923907775 307
1662376187388 12.169474090266169 308
1662376188657 13.015558698727014 309
1662376189930 13.015558698727014 310
1662376191178 12.169474090266169 311
1662376192440 12.169474090266169 312
1662376193743 12.169474090266169 313
1662376195029 11.631378522467632 314
1662376196344 11.631378522467632 315
1662376197608 11.631378522467632 316
1662376198846 11.631378522467632 317
1662376200145 12.025459688826025 318
1662376201424 12.025459688826025 319
1662376202701 12.025459688826025 320
1662376204007 12.190542131136189 321
1662376205268 12.190542131136189 322
1662376206634 12.51150829368651 323
1662376207944 11.521152115211523 324
1662376209205 11.521152115211523 325
1662376210506 11.521152115211523 326
1662376211751 11.521152115211523 327
1662376213009 11.521152115211523 328
1662376214270 11.521152115211523 329
1662376215571 11.856954926261857 330
1662376216825 11.92994299429943 331
1662376218092 11.92994299429943 332
1662376219346 11.92994299429943 333
1662376220612 10.441044104410441 334
1662376221908 11.92994299429943 335
1662376223236 11.92994299429943 336
1662376224526 10.441044104410441 337
1662376225788 10.165016501650163 338
1662376227046 10.165016501650163 339
1662376228332 10.165016501650163 340
1662376229599 10.165016501650163 341
1662376230919 10.165016501650163 342
1662376232203 10.165016501650163 343
1662376233517 10.732673267326733 344
1662376234794 10.732673267326733 345
1662376236041 10.732673267326733 346
1662376237298 10.732673267326733 347
1662376238614 11.074257425742575 348
1662376239908 11.074257425742575 349
1662376241188 11.074257425742575 350
1662376242450 11.074257425742575 351
1662376243728 11.074257425742575 352
1662376244990 11.074257425742575 353
1662376246276 11.47029702970297 354
1662376247559 10.336633663366337 355
1662376248840 10.336633663366337 356
1662376250120 10.336633663366337 357
1662376251357 9.768976897689768 358
1662376252641 9.768976897689768 359
1662376253914 9.768976897689768 360
1662376255169 10.56105610561056 361
1662376256465 10.792079207920793 362
1662376257764 10.990099009900991 363
1662376259050 11.631378522467632 364
1662376260314 11.631378522467632 365
1662376261626 10.336633663366337 366
1662376262931 10.732673267326733 367
1662376264232 10.707470747074709 368
1662376265492 10.686468646864688 369
1662376266767 10.686468646864688 370
1662376268036 10.455445544554456 371
1662376269289 10.455445544554456 372
1662376270550 10.455445544554456 373
1662376271789 10.455445544554456 374
1662376273085 10.732673267326733 375
1662376274380 10.732673267326733 376
1662376275654 10.455445544554456 377
1662376276931 10.455445544554456 378
1662376278197 10.455445544554456 379
1662376279471 10.455445544554456 380
1662376280722 10.455445544554456 381
1662376282040 10.455445544554456 382
1662376283328 10.455445544554456 383
1662376284595 10.455445544554456 384
1662376285902 10.455445544554456 385
1662376287183 10.732673267326733 386
1662376288422 10.732673267326733 387
1662376289709 10.732673267326733 388
1662376291016 10.732673267326733 389
1662376292286 10.732673267326733 390
1662376293536 10.732673267326733 391
1662376294760 10.732673267326733 392
1662376296004 10.732673267326733 393
1662376297276 10.732673267326733 394
1662376298532 10.732673267326733 395
1662376299795 10.732673267326733 396
1662376301075 10.732673267326733 397
1662376302326 10.732673267326733 398
1662376303638 10.732673267326733 399
1662376304894 10.732673267326733 400
1662376306175 10.732673267326733 401
1662376307496 10.732673267326733 402
1662376308820 10.732673267326733 403
1662376310075 11.12871287128713 404
1662376311355 11.12871287128713 405
1662376312638 10.56105610561056 406
1662376313936 9.768976897689768 407
1662376315184 9.768976897689768 408
1662376316481 9.768976897689768 409
1662376317767 9.768976897689768 410
1662376319062 9.768976897689768 411
1662376320350 9.768976897689768 412
1662376321611 9.768976897689768 413
1662376322880 9.768976897689768 414
1662376324137 9.768976897689768 415
1662376325375 9.768976897689768 416
1662376326674 9.768976897689768 417
1662376327905 9.768976897689768 418
1662376329152 9.768976897689768 419
1662376330393 9.768976897689768 420
1662376331674 9.768976897689768 421
1662376332939 9.768976897689768 422
1662376334183 9.768976897689768 423
1662376335465 9.504950495049505 424
1662376336752 9.504950495049505 425
1662376338029 9.504950495049505 426
1662376339273 10.297029702970297 427
1662376340508 10.297029702970297 428
1662376341798 10.297029702970297 429
1662376343059 10.297029702970297 430
1662376344314 10.297029702970297 431
1662376345580 10.297029702970297 432
1662376346796 10.297029702970297 433
1662376348038 10.297029702970297 434
1662376349256 10.297029702970297 435
1662376350519 10.297029702970297 436
1662376351768 10.297029702970297 437
1662376353072 10.297029702970297 438
1662376354302 10.297029702970297 439
1662376355579 10.297029702970297 440
1662376356871 10.297029702970297 441
1662376358128 10.297029702970297 442
1662376359439 9.900990099009901 443
1662376360692 10.297029702970297 444
1662376361944 10.297029702970297 445
1662376363206 10.297029702970297 446
1662376364488 9.900990099009901 447
1662376365766 10.165016501650163 448
1662376367040 10.165016501650163 449
1662376368278 10.56105610561056 450
1662376369535 11.841584158415841 451
1662376370784 11.841584158415841 452
1662376372073 11.841584158415841 453
1662376373328 11.841584158415841 454
1662376374583 11.841584158415841 455
1662376375850 11.841584158415841 456
1662376377142 11.841584158415841 457
1662376378462 11.841584158415841 458
1662376379840 11.841584158415841 459
1662376381149 11.841584158415841 460
1662376382492 11.841584158415841 461
1662376383708 11.841584158415841 462
1662376384981 11.710171017101711 463
1662376386259 10.594059405940595 464
1662376387619 10.594059405940595 465
1662376388908 10.594059405940595 466
1662376390208 10.636492220650636 467
1662376391483 10.636492220650636 468
1662376392747 10.636492220650636 469
1662376394032 10.636492220650636 470
1662376395330 10.636492220650636 471
1662376396602 10.24045261669024 472
1662376397874 10.198019801980198 473
1662376399103 10.56105610561056 474
1662376400387 10.56105610561056 475
1662376401733 10.198019801980198 476
1662376402997 10.198019801980198 477
1662376404250 10.198019801980198 478
1662376405519 10.198019801980198 479
1662376406794 10.198019801980198 480
1662376408068 10.594059405940595 481
1662376409316 10.594059405940595 482
1662376410585 10.594059405940595 483
1662376411852 11.159515951595159 484
1662376413145 11.159515951595159 485
1662376414400 10.763476347634764 486
1662376415642 10.455445544554456 487
1662376416894 10.763476347634764 488
1662376418172 10.763476347634764 489
1662376419429 10.763476347634764 490
1662376420714 9.316360207449316 491
1662376421916 9.090051862329089 492
1662376423203 9.090051862329089 493
1662376424451 9.090051862329089 494
1662376425802 10.763476347634764 495
1662376427061 10.763476347634764 496
1662376428272 10.367436743674368 497
1662376429549 10.367436743674368 498
1662376430804 10.367436743674368 499
1662376432021 10.367436743674368 500
1662376433289 10.801980198019802 501
1662376434530 11.247524752475247 502
1662376435794 11.247524752475247 503
1662376437052 10.851485148514852 504
1662376438334 10.851485148514852 505
1662376439598 10.851485148514852 506
1662376440873 10.851485148514852 507
1662376442154 10.851485148514852 508
1662376443402 10.801980198019802 509
1662376444645 10.801980198019802 510
1662376445907 10.801980198019802 511
1662376447119 10.24045261669024 512
1662376448386 10.24045261669024 513
1662376449709 10.24045261669024 514
1662376450988 10.636492220650636 515
1662376452272 10.24045261669024 516
1662376453503 10.801980198019802 517
1662376454741 10.801980198019802 518
1662376456017 10.801980198019802 519
1662376457343 10.801980198019802 520
1662376458643 10.801980198019802 521
1662376459883 12.518151815181518 522
1662376461158 12.518151815181518 523
1662376462420 12.518151815181518 524
1662376463731 12.98019801980198 525
1662376465036 13.234794908062236 526
1662376466281 12.83875530410184 527
1662376467564 12.83875530410184 528
1662376468854 12.83875530410184 529
1662376470155 12.83875530410184 530
1662376471390 12.499292786421499 531
1662376472628 12.499292786421499 532
1662376473898 12.499292786421499 533
1662376475199 12.644664466446645 534
1662376476478 12.644664466446645 535
1662376477760 12.248624862486249 536
1662376479051 12.052805280528052 537
1662376480321 10.455445544554456 538
1662376481551 10.851485148514852 539
1662376482791 10.851485148514852 540
1662376484072 10.851485148514852 541
1662376485357 11.159515951595159 542
1662376486619 11.159515951595159 543
1662376487891 11.212321232123212 544
1662376489179 11.212321232123212 545
1662376490448 11.212321232123212 546
1662376491705 11.212321232123212 547
1662376492967 11.159515951595159 548
1662376494206 10.594059405940595 549
1662376495490 11.159515951595159 550
1662376496843 10.594059405940595 551
1662376498088 10.198019801980198 552
1662376499393 10.921892189218921 553
1662376500646 11.713971397139714 554
1662376501950 11.801980198019802 555
1662376503245 12.198019801980196 556
1662376504515 11.801980198019802 557
1662376505784 11.801980198019802 558
1662376507060 12.198019801980196 559
1662376508332 11.801980198019802 560
1662376509617 11.801980198019802 561
1662376510880 10.693069306930694 562
1662376512157 10.693069306930694 563
1662376513436 10.693069306930694 564
1662376514701 10.693069306930694 565
1662376515936 10.693069306930694 566
1662376517233 10.693069306930694 567
1662376518535 10.693069306930694 568
1662376519882 11.485148514851486 569
1662376521164 11.485148514851486 570
1662376522442 13.033303330333032 571
1662376523740 12.847713342762848 572
1662376525027 12.055634134842055 573
1662376526324 12.055634134842055 574
1662376527590 12.055634134842055 575
1662376528866 12.055634134842055 576
1662376530158 12.055634134842055 577
1662376531398 12.69078446306169 578
1662376532703 11.977913175932978 579
1662376534000 10.854785478547853 580
1662376535266 10.458745874587457 581
1662376536525 10.458745874587457 582
1662376537811 10.458745874587457 583
1662376539054 10.455445544554456 584
1662376540341 10.851485148514852 585
1662376541557 10.851485148514852 586
1662376542803 10.851485148514852 587
1662376544047 10.297029702970297 588
1662376545338 9.900990099009901 589
1662376546610 9.900990099009901 590
1662376547911 9.900990099009901 591
1662376549176 9.900990099009901 592
1662376550447 9.900990099009901 593
1662376551689 9.900990099009901 594
1662376552943 9.900990099009901 595
1662376554210 9.900990099009901 596
1662376555485 10.455445544554456 597
1662376556821 10.851485148514852 598
1662376558087 11.247524752475247 599
1662376559370 11.247524752475247 600
1662376560681 11.552170601675552 601
1662376561928 11.552170601675552 602
1662376563205 11.156130997715156 603
1662376564416 10.851485148514852 604
1662376565690 10.851485148514852 605
1662376566972 11.819306930693068 606
1662376568278 11.819306930693068 607
1662376569544 11.423267326732674 608
1662376570844 11.423267326732674 609
1662376572130 10.851485148514852 610
1662376573421 10.851485148514852 611
1662376574668 11.247524752475247 612
1662376575937 11.247524752475247 613
1662376577255 11.41914191419142 614
1662376578502 11.41914191419142 615
1662376579788 11.41914191419142 616
1662376581054 11.41914191419142 617
1662376582339 11.41914191419142 618
1662376583657 11.41914191419142 619
1662376584925 11.247524752475247 620
1662376586255 11.552170601675552 621
1662376587561 10.785478547854787 622
1662376588911 10.851485148514852 623
1662376590183 10.851485148514852 624
1662376591419 11.027227722772277 625
1662376592651 11.027227722772277 626
1662376593930 10.405940594059405 627
1662376595186 10.009900990099009 628
1662376596456 10.009900990099009 629
1662376597806 10.009900990099009 630
1662376599085 10.801980198019802 631
1662376600338 10.405940594059405 632
1662376601636 10.405940594059405 633
1662376602912 10.405940594059405 634
1662376604146 10.405940594059405 635
1662376605382 10.405940594059405 636
1662376606614 10.405940594059405 637
1662376607906 10.884488448844886 638
1662376609205 10.884488448844886 639
1662376610478 10.884488448844886 640
1662376611773 10.884488448844886 641
1662376613029 10.884488448844886 642
1662376614261 10.884488448844886 643
1662376615543 10.884488448844886 644
1662376616821 10.884488448844886 645
1662376618050 10.801980198019802 646
1662376619326 10.801980198019802 647
1662376620629 11.159515951595159 648
1662376621950 11.12871287128713 649
1662376623222 11.159515951595159 650
1662376624494 11.159515951595159 651
1662376625790 11.198019801980196 652
1662376627067 11.198019801980196 653
1662376628360 10.801980198019802 654
1662376629618 11.118811881188119 655
1662376630917 11.118811881188119 656
1662376632172 11.16831683168317 657
1662376633458 11.608360836083605 658
1662376634723 11.608360836083605 659
1662376635995 11.597359735973594 660
1662376637248 11.514851485148514 661
1662376638529 11.514851485148514 662
1662376639830 11.514851485148514 663
1662376641113 11.080308030803081 664
1662376642391 11.080308030803081 665
1662376643710 9.98019801980198 666
1662376644972 9.504950495049505 667
1662376646240 11.08910891089109 668
1662376647500 11.08910891089109 669
1662376648785 11.08910891089109 670
1662376650091 11.881188118811881 671
1662376651319 12.356435643564357 672
1662376652595 12.356435643564357 673
1662376653920 10.455445544554456 674
1662376655120 10.455445544554456 675
1662376656378 10.455445544554456 676
1662376657687 10.455445544554456 677
1662376658998 10.851485148514852 678
1662376660231 10.851485148514852 679
1662376661492 10.772277227722773 680
1662376662788 12.356435643564357 681
1662376664064 12.356435643564357 682
1662376665302 12.871287128712872 683
1662376666575 12.871287128712872 684
1662376667842 13.346534653465348 685
1662376669096 12.277227722772277 686
1662376670360 11.247524752475245 687
1662376671606 9.504950495049505 688
1662376672912 9.504950495049505 689
1662376674198 8.712871287128712 690
1662376675440 8.316831683168317 691
1662376676727 8.316831683168317 692
1662376677964 9.900990099009901 693
1662376679217 10.297029702970296 694
1662376680452 10.297029702970296 695
1662376681677 9.504950495049505 696
1662376682958 9.504950495049505 697
1662376684222 9.504950495049505 698
1662376685446 9.504950495049505 699
1662376686692 10.851485148514852 700
1662376687926 10.851485148514852 701
1662376689171 10.851485148514852 702
1662376690424 10.851485148514852 703
1662376691713 10.801980198019802 704
1662376693035 10.801980198019802 705
1662376694299 10.763476347634764 706
1662376695567 10.801980198019802 707
1662376696812 10.801980198019802 708
1662376698096 10.801980198019802 709
1662376699366 10.801980198019802 710
1662376700648 10.801980198019802 711
1662376701893 10.801980198019802 712
1662376703147 10.801980198019802 713
1662376704431 10.801980198019802 714
1662376705789 10.763476347634764 715
1662376707062 10.763476347634764 716
1662376708308 10.763476347634764 717
1662376709592 10.763476347634764 718
1662376710876 10.367436743674368 719
1662376712168 10.367436743674368 720
1662376713455 10.367436743674368 721
1662376714730 10.367436743674368 722
1662376716011 10.336633663366337 723
1662376717286 12.098609860986098 724
1662376718522 12.098609860986098 725
1662376719800 12.318631863186317 726
1662376721093 12.318631863186317 727
1662376722370 12.318631863186317 728
1662376723666 13.11071107110711 729
1662376724911 13.11071107110711 730
1662376726168 13.011701170117012 731
1662376727434 13.07920792079208 732
1662376728722 11.159515951595159 733
1662376729993 10.455445544554456 734
1662376731280 10.05940594059406 735
1662376732523 10.05940594059406 736
1662376733788 10.772277227722773 737
1662376735002 10.772277227722773 738
1662376736278 10.772277227722773 739
1662376737511 10.772277227722773 740
1662376738783 10.772277227722773 741
1662376740044 12.356435643564357 742
1662376741317 12.356435643564357 743
1662376742584 12.356435643564357 744
1662376743856 12.356435643564357 745
1662376745094 13.14851485148515 746
1662376746319 13.14851485148515 747
1662376747591 13.14851485148515 748
1662376748860 13.14851485148515 749
1662376750116 13.14851485148515 750
1662376751414 12.356435643564357 751
1662376752670 12.356435643564357 752
1662376753934 12.356435643564357 753
1662376755232 12.356435643564357 754
1662376756506 10.772277227722773 755
1662376757741 10.772277227722773 756
1662376759030 9.98019801980198 757
1662376760286 9.544554455445544 758
1662376761599 9.544554455445544 759
1662376762860 9.544554455445544 760
1662376764115 9.544554455445544 761
1662376765390 10.336633663366337 762
1662376766753 10.336633663366337 763
1662376767999 10.05940594059406 764
1662376769252 10.05940594059406 765
1662376770544 10.05940594059406 766
1662376771830 10.05940594059406 767
1662376773060 10.05940594059406 768
1662376774323 10.336633663366337 769
1662376775580 10.495049504950495 770
1662376776849 10.495049504950495 771
1662376778118 10.525852585258525 772
1662376779374 10.921892189218921 773
1662376780585 10.564356435643564 774
1662376781821 10.564356435643564 775
1662376783070 10.217821782178218 776
1662376784318 10.217821782178218 777
1662376785581 11.00990099009901 778
1662376786862 11.00990099009901 779
1662376788106 11.00990099009901 780
1662376789406 11.00990099009901 781
1662376790675 11.00990099009901 782
1662376791934 11.00990099009901 783
1662376793224 11.317931793179318 784
1662376794530 11.317931793179318 785
1662376795824 11.00990099009901 786
1662376797094 9.663366336633663 787
1662376798354 9.663366336633663 788
1662376799649 10.455445544554456 789
1662376800918 9.267326732673267 790
1662376802188 11.286814395725287 791
1662376803464 11.286814395725287 792
1662376804731 12.046676096181047 793
1662376805993 12.046676096181047 794
1662376807220 13.400282885431402 795
1662376808443 13.400282885431402 796
1662376809697 13.628162816281627 797
1662376810966 13.628162816281627 798
1662376811725 13.628162816281627 798
