1662375794585 0.0 0
1662375795789 0.0 1
1662375797167 0.0 2
1662375798423 0.0 3
1662375799685 0.0 4
1662375800900 0.0 5
1662375802138 0.0 6
1662375803409 0.0 7
1662375804677 0.0 8
1662375805928 0.0 9
1662375807175 0.0 10
1662375808421 0.0 11
1662375809677 0.0 12
1662375810965 0.0 13
1662375812185 0.0 14
1662375813409 0.0 15
1662375814664 0.0 16
1662375815893 0.0 17
1662375817198 0.0 18
1662375818468 0.0 19
1662375819734 0.0 20
1662375821050 0.0 21
1662375822335 0.0 22
1662375823576 0.0 23
1662375824814 0.0 24
1662375826076 0.0 25
1662375827280 0.0 26
1662375828565 0.0 27
1662375829823 0.0 28
1662375831077 0.0 29
1662375832344 0.0 30
1662375833622 0.0 31
1662375834870 0.0 32
1662375836141 0.0 33
1662375837385 0.0 34
1662375838644 0.0 35
1662375839903 0.0 36
1662375841158 0.0 37
1662375842441 0.0 38
1662375843706 0.0 39
1662375845024 0.0 40
1662375846317 0.0 41
1662375847606 0.0 42
1662375848886 0.0 43
1662375850125 0.0 44
1662375851425 0.0 45
1662375852685 0.0 46
1662375853940 0.0 47
1662375855200 0.0 48
1662375856465 0.0 49
1662375857740 0.0 50
1662375859026 0.0 51
1662375860320 0.0 52
1662375861663 0.0 53
1662375862936 0.0 54
1662375864194 0.0 55
1662375865488 0.0 56
1662375866760 0.0 57
1662375868071 0.0 58
1662375869311 0.0 59
1662375870603 0.0 60
1662375871915 0.0 61
1662375873295 0.0 62
1662375874566 0.0 63
1662375875820 0.0 64
1662375877099 0.0 65
1662375878340 0.0 66
1662375879614 0.0 67
1662375880906 0.0 68
1662375882170 0.0 69
1662375883459 0.0 70
1662375884728 0.0 71
1662375885961 0.0 72
1662375887238 0.0 73
1662375888497 0.0 74
1662375889769 0.0 75
1662375891054 0.0 76
1662375892307 0.0 77
1662375893553 0.0 78
1662375894836 0.0 79
1662375896085 0.0 80
1662375897439 0.0 81
1662375898739 0.0 82
1662375899989 0.0 83
1662375901295 0.0 84
1662375902575 0.0 85
1662375903852 0.0 86
1662375905119 0.0 87
1662375906411 0.0 88
1662375907671 0.0 89
1662375908942 0.0 90
1662375910212 0.0 91
1662375911506 0.0 92
1662375912773 0.0 93
1662375914050 0.0 94
1662375915339 0.0 95
1662375916618 0.0 96
1662375917920 0.0 97
1662375919222 0.0 98
1662375920523 0.0 99
1662375921821 0.0 100
1662375923103 0.0 101
1662375924370 0.0 102
1662375925721 0.0 103
1662375927010 0.0 104
1662375928324 0.0 105
1662375929636 0.0 106
1662375930920 0.0 107
1662375932268 0.0 108
1662375933552 0.0 109
1662375934815 0.0 110
1662375936098 0.0 111
1662375937391 0.0 112
1662375938650 0.0 113
1662375939919 0.0 114
1662375941229 0.0 115
1662375942495 0.0 116
1662375943709 0.0 117
1662375944958 0.0 118
1662375946263 0.0 119
1662375947548 0.0 120
1662375948829 0.0 121
1662375950116 0.0 122
1662375951409 0.0 123
1662375952650 0.0 124
1662375953964 0.0 125
1662375955213 0.0 126
1662375956498 0.0 127
1662375957810 0.0 128
1662375959072 0.0 129
1662375960336 0.0 130
1662375961570 0.0 131
1662375962832 0.0 132
1662375964124 0.0 133
1662375965402 0.0 134
1662375966691 0.0 135
1662375967990 0.0 136
1662375969276 0.0 137
1662375970547 0.0 138
1662375971835 0.0 139
1662375973131 0.0 140
1662375974409 0.0 141
1662375975684 0.0 142
1662375976968 0.0 143
1662375978219 0.0 144
1662375979503 0.0 145
1662375980733 0.0 146
1662375982022 0.0 147
1662375983271 0.0 148
1662375984516 0.0 149
1662375985784 0.0 150
1662375987060 0.0 151
1662375988331 0.0 152
1662375989638 0.0 153
1662375990929 0.0 154
1662375992221 0.0 155
1662375993497 0.0 156
1662375994799 0.0 157
1662375996063 0.0 158
1662375997362 0.0 159
1662375998605 0.0 160
1662375999866 0.0 161
1662376001110 0.0 162
1662376002416 0.0 163
1662376003719 0.0 164
1662376004979 0.0 165
1662376006225 0.0 166
1662376007483 0.0 167
1662376008761 0.0 168
1662376010040 0.0 169
1662376011314 0.0 170
1662376012642 0.0 171
1662376013942 0.0 172
1662376015251 0.0 173
1662376016550 0.0 174
1662376017801 0.0 175
1662376019080 0.0 176
1662376020352 0.0 177
1662376021634 0.0 178
1662376022924 0.0 179
1662376024227 0.0 180
1662376025532 0.0 181
1662376026858 0.0 182
1662376028161 0.0 183
1662376029434 0.0 184
1662376030696 0.0 185
1662376032011 0.0 186
1662376033317 0.0 187
1662376034590 0.0 188
1662376035848 0.0 189
1662376037144 0.0 190
1662376038419 0.0 191
1662376039698 0.0 192
1662376040999 0.0 193
1662376042253 0.0 194
1662376043492 0.0 195
1662376044779 0.0 196
1662376046036 0.0 197
1662376047306 0.0 198
1662376048600 0.0 199
1662376049843 0.0 200
1662376051148 0.0 201
1662376052453 0.0 202
1662376053681 0.0 203
1662376054963 0.0 204
1662376056244 0.0 205
1662376057513 0.0 206
1662376058758 0.0 207
1662376060024 0.0 208
1662376061274 0.0 209
1662376062534 0.0 210
1662376063819 0.0 211
1662376065110 0.0 212
1662376066368 0.0 213
1662376067665 0.0 214
1662376068922 0.0 215
1662376070224 0.0 216
1662376071483 0.0 217
1662376072725 0.0 218
1662376073992 0.0 219
1662376075263 0.0 220
1662376076583 0.0 221
1662376077892 0.0 222
1662376079161 0.0 223
1662376080451 0.0 224
1662376081717 0.0 225
1662376083006 0.0 226
1662376084284 0.0 227
1662376085542 0.0 228
1662376086806 0.0 229
1662376088130 0.0 230
1662376089403 0.0 231
1662376090672 0.0 232
1662376091948 0.0 233
1662376093233 0.0 234
1662376094466 0.0 235
1662376095741 0.0 236
1662376097015 0.0 237
1662376098253 0.0 238
1662376099569 0.0 239
1662376100818 0.0 240
1662376102087 0.0 241
1662376103348 0.0 242
1662376104581 0.0 243
1662376105843 0.0 244
1662376107117 0.0 245
1662376108397 0.0 246
1662376109687 0.0 247
1662376110908 0.0 248
1662376112205 0.0 249
1662376113512 0.0 250
1662376114771 0.0 251
1662376116025 0.0 252
1662376117287 0.0 253
1662376118572 0.0 254
1662376119884 0.0 255
1662376121125 0.0 256
1662376122403 0.0 257
1662376123692 0.0 258
1662376124955 0.0 259
1662376126190 0.0 260
1662376127442 0.0 261
1662376128718 0.0 262
1662376129943 0.0 263
1662376131176 0.0 264
1662376132442 0.0 265
1662376133706 0.0 266
1662376134957 0.0 267
1662376136238 0.0 268
1662376137523 0.0 269
1662376138794 0.0 270
1662376140061 0.0 271
1662376141337 0.0 272
1662376142617 0.0 273
1662376143846 0.0 274
1662376145152 0.0 275
1662376146453 0.0 276
1662376147728 0.0 277
1662376149014 0.0 278
1662376150301 0.0 279
1662376151574 0.0 280
1662376152887 0.0 281
1662376154110 0.0 282
1662376155391 0.0 283
1662376156667 0.0 284
1662376157946 0.0 285
1662376159206 0.0 286
1662376160500 0.0 287
1662376161757 0.0 288
1662376163058 0.0 289
1662376164331 0.0 290
1662376165631 0.0 291
1662376166885 0.0 292
1662376168169 0.0 293
1662376169461 0.0 294
1662376170764 0.0 295
1662376172070 0.0 296
1662376173338 0.0 297
1662376174596 0.0 298
1662376175942 0.0 299
1662376177189 0.0 300
1662376178487 0.0 301
1662376179786 0.0 302
1662376181034 0.0 303
1662376182271 0.0 304
1662376183544 0.0 305
1662376184808 0.0 306
1662376186078 0.0 307
1662376187387 0.0 308
1662376188657 0.0 309
1662376189929 0.0 310
1662376191177 0.0 311
1662376192439 0.0 312
1662376193742 0.0 313
1662376195029 0.0 314
1662376196343 0.0 315
1662376197608 0.0 316
1662376198845 0.0 317
1662376200144 0.0 318
1662376201424 0.0 319
1662376202701 0.0 320
1662376204006 0.0 321
1662376205267 0.0 322
1662376206633 0.0 323
1662376207943 0.0 324
1662376209204 0.0 325
1662376210505 0.0 326
1662376211751 0.0 327
1662376213009 0.0 328
1662376214269 0.0 329
1662376215571 0.0 330
1662376216825 0.0 331
1662376218091 0.0 332
1662376219345 0.0 333
1662376220611 0.0 334
1662376221907 0.0 335
1662376223236 0.0 336
1662376224525 0.0 337
1662376225787 0.0 338
1662376227046 0.0 339
1662376228331 0.0 340
1662376229599 0.0 341
1662376230918 0.0 342
1662376232202 0.0 343
1662376233516 0.0 344
1662376234793 0.0 345
1662376236040 0.0 346
1662376237297 0.0 347
1662376238614 0.0 348
1662376239907 0.0 349
1662376241187 0.0 350
1662376242450 0.0 351
1662376243727 0.0 352
1662376244989 0.0 353
1662376246275 0.0 354
1662376247558 0.0 355
1662376248839 0.0 356
1662376250120 0.0 357
1662376251356 0.0 358
1662376252640 0.0 359
1662376253914 0.0 360
1662376255169 0.0 361
1662376256465 0.0 362
1662376257763 0.0 363
1662376259049 0.0 364
1662376260313 0.0 365
1662376261626 0.0 366
1662376262930 0.0 367
1662376264232 0.0 368
1662376265492 0.0 369
1662376266766 0.0 370
1662376268035 0.0 371
1662376269288 0.0 372
1662376270549 0.0 373
1662376271789 0.0 374
1662376273084 0.0 375
1662376274380 0.0 376
1662376275653 0.0 377
1662376276931 0.0 378
1662376278197 0.0 379
1662376279471 0.0 380
1662376280721 0.0 381
1662376282040 0.0 382
1662376283327 0.0 383
1662376284595 0.0 384
1662376285902 0.0 385
1662376287182 0.0 386
1662376288421 0.0 387
1662376289708 0.0 388
1662376291015 0.0 389
1662376292285 0.0 390
1662376293536 0.0 391
1662376294760 0.0 392
1662376296003 0.0 393
1662376297275 0.0 394
1662376298532 0.0 395
1662376299794 0.0 396
1662376301075 0.0 397
1662376302325 0.0 398
1662376303637 0.0 399
1662376304893 0.0 400
1662376306174 0.0 401
1662376307495 0.0 402
1662376308820 0.0 403
1662376310074 0.0 404
1662376311354 0.0 405
1662376312637 0.0 406
1662376313935 0.0 407
1662376315183 0.0 408
1662376316480 0.0 409
1662376317767 0.0 410
1662376319062 0.0 411
1662376320349 0.0 412
1662376321610 0.0 413
1662376322880 0.0 414
1662376324137 0.0 415
1662376325374 0.0 416
1662376326673 0.0 417
1662376327905 0.0 418
1662376329152 0.0 419
1662376330392 0.0 420
1662376331674 0.0 421
1662376332939 0.0 422
1662376334183 0.0 423
1662376335464 0.0 424
1662376336751 0.0 425
1662376338028 0.0 426
1662376339273 0.0 427
1662376340507 0.0 428
1662376341797 0.0 429
1662376343058 0.0 430
1662376344313 0.0 431
1662376345580 0.0 432
1662376346795 0.0 433
1662376348037 0.0 434
1662376349255 0.0 435
1662376350518 0.0 436
1662376351767 0.0 437
1662376353071 0.0 438
1662376354301 0.0 439
1662376355578 0.0 440
1662376356871 0.0 441
1662376358128 0.0 442
1662376359439 0.0 443
1662376360691 0.0 444
1662376361943 0.0 445
1662376363205 0.0 446
1662376364487 0.0 447
1662376365766 0.0 448
1662376367040 0.0 449
1662376368277 0.0 450
1662376369534 0.0 451
1662376370783 0.0 452
1662376372072 0.0 453
1662376373328 0.0 454
1662376374582 0.0 455
1662376375850 0.0 456
1662376377142 0.0 457
1662376378461 0.0 458
1662376379839 0.0 459
1662376381149 0.0 460
1662376382491 0.0 461
1662376383707 0.0 462
1662376384980 0.0 463
1662376386258 0.0 464
1662376387618 0.0 465
1662376388907 0.0 466
1662376390208 0.0 467
1662376391482 0.0 468
1662376392746 0.0 469
1662376394032 0.0 470
1662376395330 0.0 471
1662376396601 0.0 472
1662376397873 0.0 473
1662376399102 0.0 474
1662376400387 0.0 475
1662376401733 0.0 476
1662376402997 0.0 477
1662376404249 0.0 478
1662376405519 0.0 479
1662376406793 0.0 480
1662376408067 0.0 481
1662376409315 0.0 482
1662376410584 0.0 483
1662376411851 0.0 484
1662376413145 0.0 485
1662376414399 0.0 486
1662376415641 0.0 487
1662376416894 0.0 488
1662376418171 0.0 489
1662376419428 0.0 490
1662376420714 0.0 491
1662376421916 0.0 492
1662376423202 0.0 493
1662376424450 0.0 494
1662376425801 0.0 495
1662376427060 0.0 496
1662376428272 0.0 497
1662376429549 0.0 498
1662376430804 0.0 499
1662376432021 0.0 500
1662376433289 0.0 501
1662376434529 0.0 502
1662376435793 0.0 503
1662376437051 0.0 504
1662376438334 0.0 505
1662376439598 0.0 506
1662376440873 0.0 507
1662376442153 0.0 508
1662376443402 0.0 509
1662376444644 0.0 510
1662376445906 0.0 511
1662376447118 0.0 512
1662376448386 0.0 513
1662376449708 0.0 514
1662376450988 0.0 515
1662376452271 0.0 516
1662376453502 0.0 517
1662376454740 0.0 518
1662376456016 0.0 519
1662376457342 0.0 520
1662376458641 0.0 521
1662376459882 0.0 522
1662376461157 0.0 523
1662376462419 0.0 524
1662376463730 0.0 525
1662376465035 0.0 526
1662376466280 0.0 527
1662376467563 0.0 528
1662376468853 0.0 529
1662376470155 0.0 530
1662376471390 0.0 531
1662376472627 0.0 532
1662376473897 0.0 533
1662376475198 0.0 534
1662376476477 0.0 535
1662376477759 0.0 536
1662376479050 0.0 537
1662376480321 0.0 538
1662376481550 0.0 539
1662376482790 0.0 540
1662376484071 0.0 541
1662376485357 0.0 542
1662376486619 0.0 543
1662376487891 0.0 544
1662376489179 0.0 545
1662376490447 0.0 546
1662376491705 0.0 547
1662376492966 0.0 548
1662376494206 0.0 549
1662376495490 0.0 550
1662376496842 0.0 551
1662376498087 0.0 552
1662376499393 0.0 553
1662376500645 0.0 554
1662376501949 0.0 555
1662376503245 0.0 556
1662376504514 0.0 557
1662376505784 0.0 558
1662376507060 0.0 559
1662376508331 0.0 560
1662376509617 0.0 561
1662376510880 0.0 562
1662376512157 0.0 563
1662376513435 0.0 564
1662376514700 0.0 565
1662376515935 0.0 566
1662376517232 0.0 567
1662376518534 0.0 568
1662376519881 0.0 569
1662376521163 0.0 570
1662376522442 0.0 571
1662376523739 0.0 572
1662376525026 0.0 573
1662376526324 0.0 574
1662376527589 0.0 575
1662376528866 0.0 576
1662376530158 0.0 577
1662376531397 0.0 578
1662376532702 0.0 579
1662376533999 0.0 580
1662376535266 0.0 581
1662376536524 0.0 582
1662376537811 0.0 583
1662376539054 0.0 584
1662376540340 0.0 585
1662376541556 0.0 586
1662376542802 0.0 587
1662376544046 0.0 588
1662376545337 0.0 589
1662376546609 0.0 590
1662376547910 0.0 591
1662376549175 0.0 592
1662376550447 0.0 593
1662376551688 0.0 594
1662376552942 0.0 595
1662376554210 0.0 596
1662376555485 0.0 597
1662376556821 0.0 598
1662376558086 0.0 599
1662376559369 0.0 600
1662376560680 0.0 601
1662376561927 0.0 602
1662376563204 0.0 603
1662376564415 0.0 604
1662376565690 0.0 605
1662376566971 0.0 606
1662376568277 0.0 607
1662376569543 0.0 608
1662376570843 0.0 609
1662376572129 0.0 610
1662376573420 0.0 611
1662376574667 0.0 612
1662376575936 0.0 613
1662376577254 0.0 614
1662376578501 0.0 615
1662376579788 0.0 616
1662376581053 0.0 617
1662376582338 0.0 618
1662376583656 0.0 619
1662376584924 0.0 620
1662376586254 0.0 621
1662376587560 0.0 622
1662376588910 0.0 623
1662376590182 0.0 624
1662376591418 0.0 625
1662376592650 0.0 626
1662376593929 0.0 627
1662376595185 0.0 628
1662376596455 0.0 629
1662376597806 0.0 630
1662376599084 0.0 631
1662376600337 0.0 632
1662376601635 0.0 633
1662376602911 0.0 634
1662376604146 0.0 635
1662376605381 0.0 636
1662376606613 0.0 637
1662376607906 0.0 638
1662376609204 0.0 639
1662376610477 0.0 640
1662376611773 0.0 641
1662376613029 0.0 642
1662376614260 0.0 643
1662376615543 0.0 644
1662376616821 0.0 645
1662376618050 0.0 646
1662376619325 0.0 647
1662376620629 0.0 648
1662376621950 0.0 649
1662376623221 0.0 650
1662376624493 0.0 651
1662376625789 0.0 652
1662376627066 0.0 653
1662376628360 0.0 654
1662376629618 0.0 655
1662376630917 0.0 656
1662376632172 0.0 657
1662376633457 0.0 658
1662376634722 0.0 659
1662376635994 0.0 660
1662376637247 0.0 661
1662376638529 0.0 662
1662376639829 0.0 663
1662376641113 0.0 664
1662376642390 0.0 665
1662376643709 0.0 666
1662376644971 0.0 667
1662376646239 0.0 668
1662376647499 0.0 669
1662376648785 0.0 670
1662376650090 0.0 671
1662376651318 0.0 672
1662376652594 0.0 673
1662376653919 0.0 674
1662376655120 0.0 675
1662376656377 0.0 676
1662376657687 0.0 677
1662376658998 0.0 678
1662376660231 0.0 679
1662376661491 0.0 680
1662376662787 0.0 681
1662376664063 0.0 682
1662376665302 0.0 683
1662376666574 0.0 684
1662376667842 0.0 685
1662376669095 0.0 686
1662376670359 0.0 687
1662376671605 0.0 688
1662376672911 0.0 689
1662376674198 0.0 690
1662376675439 0.0 691
1662376676726 0.0 692
1662376677964 0.0 693
1662376679216 0.0 694
1662376680451 0.0 695
1662376681677 0.0 696
1662376682958 0.0 697
1662376684221 0.0 698
1662376685446 0.0 699
1662376686691 0.0 700
1662376687925 0.0 701
1662376689170 0.0 702
1662376690423 0.0 703
1662376691712 0.0 704
1662376693034 0.0 705
1662376694298 0.0 706
1662376695566 0.0 707
1662376696812 0.0 708
1662376698095 0.0 709
1662376699365 0.0 710
1662376700647 0.0 711
1662376701892 0.0 712
1662376703147 0.0 713
1662376704430 0.0 714
1662376705789 0.0 715
1662376707061 0.0 716
1662376708308 0.0 717
1662376709592 0.0 718
1662376710875 0.0 719
1662376712167 0.0 720
1662376713454 0.0 721
1662376714729 0.0 722
1662376716011 0.0 723
1662376717286 0.0 724
1662376718522 0.0 725
1662376719799 0.0 726
1662376721092 0.0 727
1662376722369 0.0 728
1662376723666 0.0 729
1662376724910 0.0 730
1662376726167 0.0 731
1662376727433 0.0 732
1662376728721 0.0 733
1662376729992 0.0 734
1662376731279 0.0 735
1662376732522 0.0 736
1662376733787 0.0 737
1662376735002 0.0 738
1662376736277 0.0 739
1662376737510 0.0 740
1662376738782 0.0 741
1662376740043 0.0 742
1662376741316 0.0 743
1662376742584 0.0 744
1662376743855 0.0 745
1662376745093 0.0 746
1662376746318 0.0 747
1662376747590 0.0 748
1662376748859 0.0 749
1662376750116 0.0 750
1662376751413 0.0 751
1662376752670 0.0 752
1662376753934 0.0 753
1662376755231 0.0 754
1662376756505 0.0 755
1662376757740 0.0 756
1662376759029 0.0 757
1662376760286 0.0 758
1662376761598 0.0 759
1662376762859 0.0 760
1662376764114 0.0 761
1662376765389 0.0 762
1662376766753 0.0 763
1662376767999 0.0 764
1662376769251 0.0 765
1662376770543 0.0 766
1662376771829 0.0 767
1662376773059 0.0 768
1662376774323 0.0 769
1662376775580 0.0 770
1662376776849 0.0 771
1662376778117 0.0 772
1662376779374 0.0 773
1662376780585 0.0 774
1662376781820 0.0 775
1662376783069 0.0 776
1662376784318 0.0 777
1662376785580 0.0 778
1662376786861 0.0 779
1662376788106 0.0 780
1662376789405 0.0 781
1662376790675 0.0 782
1662376791933 0.0 783
1662376793223 0.0 784
1662376794529 0.0 785
1662376795823 0.0 786
1662376797093 0.0 787
1662376798353 0.0 788
1662376799648 0.0 789
1662376800917 0.0 790
1662376802187 0.0 791
1662376803463 0.0 792
1662376804730 0.0 793
1662376805993 0.0 794
1662376807219 0.0 795
1662376808443 0.0 796
1662376809696 0.0 797
1662376810966 0.0 798
1662376811724 0.0 798
