1662375794587 9.405810031552605 0
1662375795791 9.405810031552605 1
1662375797169 9.405810031552605 2
1662375798424 9.405810031552605 3
1662375799687 9.405810031552605 4
1662375800902 9.416459836028851 5
1662375802140 9.416459836028851 6
1662375803411 9.416459836028851 7
1662375804679 9.416459836028851 8
1662375805929 9.416459836028851 9
1662375807177 9.416459836028851 10
1662375808422 9.416459836028851 11
1662375809679 9.416459836028851 12
1662375810967 9.416459836028851 13
1662375812187 9.416459836028851 14
1662375813411 9.416459836028851 15
1662375814666 9.416459836028851 16
1662375815895 9.416459836028851 17
1662375817200 9.416459836028851 18
1662375818470 9.416459836028851 19
1662375819736 9.416459836028851 20
1662375821051 9.416459836028851 21
1662375822337 9.416459836028851 22
1662375823578 9.416459836028851 23
1662375824816 9.416459836028851 24
1662375826078 9.416459836028851 25
1662375827282 9.416459836028851 26
1662375828567 9.427755083200626 27
1662375829825 9.427755083200626 28
1662375831079 9.427755083200626 29
1662375832347 9.427755083200626 30
1662375833624 9.427755083200626 31
1662375834872 9.404601998661406 32
1662375836143 9.404601998661406 33
1662375837387 9.404601998661406 34
1662375838647 9.404601998661406 35
1662375839905 9.404601998661406 36
1662375841160 9.404601998661406 37
1662375842443 9.404601998661406 38
1662375843709 9.404601998661406 39
1662375845026 9.404601998661406 40
1662375846318 9.404601998661406 41
1662375847608 9.404601998661406 42
1662375848888 9.404601998661406 43
1662375850126 9.404601998661406 44
1662375851426 9.404601998661406 45
1662375852687 9.404601998661406 46
1662375853942 9.404601998661406 47
1662375855202 9.404601998661406 48
1662375856468 9.404601998661406 49
1662375857742 9.404601998661406 50
1662375859028 9.404601998661406 51
1662375860322 9.404601998661406 52
1662375861665 9.404601998661406 53
1662375862938 9.404601998661406 54
1662375864196 9.404601998661406 55
1662375865490 9.404601998661406 56
1662375866762 9.404601998661406 57
1662375868073 9.404601998661406 58
1662375869313 9.404601998661406 59
1662375870605 9.404601998661406 60
1662375871917 9.404601998661406 61
1662375873296 9.404601998661406 62
1662375874568 9.404601998661406 63
1662375875822 9.413602898751416 64
1662375877100 9.413602898751416 65
1662375878341 9.483236235711484 66
1662375879615 9.483236235711484 67
1662375880907 9.63156315631563 68
1662375882172 9.63156315631563 69
1662375883462 9.63156315631563 70
1662375884730 9.483236235711484 71
1662375885963 9.483236235711484 72
1662375887240 9.483236235711484 73
1662375888499 9.483236235711484 74
1662375889770 9.483236235711484 75
1662375891056 9.483236235711484 76
1662375892309 9.46179819447146 77
1662375893555 9.46179819447146 78
1662375894837 9.46179819447146 79
1662375896087 9.450502947299686 80
1662375897441 9.450502947299686 81
1662375898741 9.450502947299686 82
1662375899991 9.450502947299686 83
1662375901297 9.450502947299686 84
1662375902577 9.450502947299686 85
1662375903854 9.450502947299686 86
1662375905121 9.450502947299686 87
1662375906413 9.43985314282344 88
1662375907672 9.43985314282344 89
1662375908944 9.63970787733164 90
1662375910214 9.63970787733164 91
1662375911507 9.63970787733164 92
1662375912774 9.61980112475162 93
1662375914053 9.61980112475162 94
1662375915341 9.614449238211616 95
1662375916620 9.614449238211616 96
1662375917922 9.614449238211616 97
1662375919224 9.614449238211616 98
1662375920525 9.597391747613667 99
1662375921823 9.597391747613667 100
1662375923105 9.577431331613646 101
1662375924372 9.61260407965768 102
1662375925723 9.62169000849348 103
1662375927012 9.601678849203601 104
1662375928326 9.658201100619026 105
1662375929638 9.658201100619026 106
1662375930922 9.667778160743246 107
1662375932270 9.677887279763258 108
1662375933554 9.677887279763258 109
1662375934817 9.677887279763258 110
1662375936099 9.786641012279365 111
1662375937393 9.864540694139446 112
1662375938652 9.864540694139446 113
1662375939921 10.435324088268331 114
1662375941231 10.212209884956106 115
1662375942496 10.128601524120024 116
1662375943711 10.128601524120024 117
1662375944960 10.128601524120024 118
1662375946265 10.17144791402217 119
1662375947550 10.17144791402217 120
1662375948830 10.181506062694181 121
1662375950118 10.169278111788492 122
1662375951411 10.126431721886341 123
1662375952652 10.126431721886341 124
1662375953965 10.126431721886341 125
1662375955215 10.169278111788492 126
1662375956500 10.169278111788492 127
1662375957812 10.169278111788492 128
1662375959074 10.169278111788492 129
1662375960337 9.674228606837996 130
1662375961571 9.630707771237953 131
1662375962834 9.630707771237953 132
1662375964127 9.630707771237953 133
1662375965404 9.630707771237953 134
1662375966693 9.630707771237953 135
1662375967992 9.630707771237953 136
1662375969278 9.630707771237953 137
1662375970548 9.630707771237953 138
1662375971837 9.630707771237953 139
1662375973133 9.630707771237953 140
1662375974411 9.587861381335806 141
1662375975685 9.67146974217189 142
1662375976969 9.304996228461071 143
1662375978221 9.800045733411565 144
1662375979505 9.78447562801393 145
1662375980735 9.78447562801393 146
1662375982024 9.250864372151499 147
1662375983273 9.236237909505235 148
1662375984518 9.236237909505235 149
1662375985786 9.696398211249695 150
1662375987062 9.696398211249695 151
1662375988333 9.696398211249695 152
1662375989640 9.71102467389596 153
1662375990931 9.71102467389596 154
1662375992223 9.77011561489364 155
1662375993498 9.77011561489364 156
1662375994801 9.686507254057558 157
1662375996065 9.686507254057558 158
1662375997365 9.686507254057558 159
1662375998607 9.754545509496005 160
1662375999868 9.754545509496005 161
1662376001112 9.71102467389596 162
1662376002418 9.71102467389596 163
1662376003721 9.71102467389596 164
1662376004981 9.71102467389596 165
1662376006227 9.71102467389596 166
1662376007485 9.78943471270204 167
1662376008763 9.827996463613973 168
1662376010042 10.027627140967422 169
1662376011317 10.027627140967422 170
1662376012644 10.027627140967422 171
1662376013944 10.07047353086957 172
1662376015253 10.07047353086957 173
1662376016552 10.063722855802062 174
1662376017803 10.111609997457407 175
1662376019082 10.02020202020202 176
1662376020353 10.036176726916391 177
1662376021636 10.253798489092606 178
1662376022927 10.253798489092606 179
1662376024229 10.261486757919489 180
1662376025534 10.294693439932228 181
1662376026860 10.186168301704122 182
1662376028163 9.691118796753626 183
1662376029435 9.717304883104196 184
1662376030698 9.820506735547506 185
1662376032013 9.820506735547506 186
1662376033319 9.76915338592683 187
1662376034592 9.76915338592683 188
1662376035850 9.881059534524882 189
1662376037145 9.881059534524882 190
1662376038421 9.881059534524882 191
1662376039699 9.881059534524882 192
1662376041001 9.881059534524882 193
1662376042255 9.853703857780737 194
1662376043495 9.865705057900747 195
1662376044781 9.614923677241675 196
1662376046038 9.756366392941814 197
1662376047308 9.707185004214706 198
1662376048602 9.707185004214706 199
1662376049845 9.728715728715729 200
1662376051150 9.926735530695927 201
1662376052454 9.559971034697455 202
1662376053683 9.88955366124848 203
1662376054965 9.84994970085244 204
1662376056246 9.84994970085244 205
1662376057515 9.84994970085244 206
1662376058760 9.84994970085244 207
1662376060026 9.814117546208404 208
1662376061275 9.84994970085244 209
1662376062536 9.84994970085244 210
1662376063820 9.84994970085244 211
1662376065112 9.88955366124848 212
1662376066369 9.88955366124848 213
1662376067667 9.896789678967895 214
1662376068924 9.904199141240493 215
1662376070226 9.96061654768702 216
1662376071485 9.911435158959913 217
1662376072726 9.922133863965549 218
1662376073995 9.971315252692655 219
1662376075265 9.971315252692655 220
1662376076585 9.982576513953918 221
1662376077894 9.98997546813505 222
1662376079163 9.940794079407942 223
1662376080453 9.904477947794781 224
1662376081718 9.904477947794781 225
1662376083008 9.904477947794781 226
1662376084286 9.864873987398742 227
1662376085544 9.864873987398742 228
1662376086808 10.34825033059012 229
1662376088132 10.023825261355086 230
1662376089405 9.702798851313704 231
1662376090674 9.737688054519737 232
1662376091950 9.737688054519737 233
1662376093235 9.806094895203806 234
1662376094467 9.74893917963225 235
1662376095743 9.74893917963225 236
1662376097016 9.74893917963225 237
1662376098255 9.74893917963225 238
1662376099571 9.74893917963225 239
1662376100820 9.74893917963225 240
1662376102089 9.285242809995285 241
1662376103349 9.320677932454899 242
1662376104583 9.439258211535439 243
1662376105845 9.439258211535439 244
1662376107119 9.439258211535439 245
1662376108399 9.45701171102332 246
1662376109689 9.45701171102332 247
1662376110910 9.45701171102332 248
1662376112207 9.45701171102332 249
1662376113514 9.45701171102332 250
1662376114773 9.375603570209238 251
1662376116027 9.414165321121171 252
1662376117289 9.414165321121171 253
1662376118573 9.414165321121171 254
1662376119886 9.414165321121171 255
1662376121127 9.497773681957256 256
1662376122405 9.834387379624662 257
1662376123694 9.834387379624662 258
1662376124957 9.460055624437217 259
1662376126191 9.479077231031372 260
1662376127444 9.433186927715328 261
1662376128720 10.011844793501906 262
1662376129945 10.083556718465239 263
1662376131178 10.00130796489787 264
1662376132444 10.049195106553215 265
1662376133708 10.068100358422939 266
1662376134959 10.068100358422939 267
1662376136240 10.105818415942977 268
1662376137525 10.105818415942977 269
1662376138796 10.106492861640872 270
1662376140064 10.031184821498996 271
1662376141339 10.031184821498996 272
1662376142619 9.891239247994276 273
1662376143848 9.77557053826616 274
1662376145154 9.77557053826616 275
1662376146455 9.807630887158194 276
1662376147730 9.807630887158194 277
1662376149016 9.807630887158194 278
1662376150302 9.572722491749538 279
1662376151575 9.572722491749538 280
1662376152889 9.522116497364022 281
1662376154112 9.632460426493779 282
1662376155393 9.91569946468331 283
1662376156669 9.479471056349333 284
1662376157947 9.331456254869185 285
1662376159208 9.305417936751658 286
1662376160502 9.305417936751658 287
1662376161759 9.360078865029358 288
1662376163061 9.360078865029358 289
1662376164333 9.360078865029358 290
1662376165633 9.360078865029358 291
1662376166887 8.865286528652867 292
1662376168171 8.865286528652867 293
1662376169463 8.873162316231625 294
1662376170765 9.015205091937764 295
1662376172072 8.939768976897689 296
1662376173340 9.015205091937764 297
1662376174598 9.015205091937764 298
1662376175944 8.932152830667683 299
1662376177191 8.734747665049905 300
1662376178489 8.773332278282773 301
1662376179788 8.773332278282773 302
1662376181036 8.726871877471147 303
1662376182272 8.802361005331303 304
1662376183546 8.802361005331303 305
1662376184810 8.802361005331303 306
1662376186080 9.276443086370133 307
1662376187389 9.26419008297591 308
1662376188658 9.619688660595383 309
1662376189931 9.619688660595383 310
1662376191179 9.367002489722656 311
1662376192441 9.367002489722656 312
1662376193744 9.367002489722656 313
1662376195030 9.324547319596824 314
1662376196345 9.324547319596824 315
1662376197609 9.324547319596824 316
1662376198847 9.324547319596824 317
1662376200146 9.333578094651571 318
1662376201425 9.24363527684038 319
1662376202703 9.24363527684038 320
1662376204008 9.255606601995654 321
1662376205269 9.187658630727938 322
1662376206635 9.204420442044205 323
1662376207945 9.204420442044205 324
1662376209206 9.103760376037604 325
1662376210507 9.033353335333535 326
1662376211752 8.976347634763478 327
1662376213010 8.971397139713972 328
1662376214271 8.953626131843953 329
1662376215573 8.953626131843953 330
1662376216827 8.937161647557687 331
1662376218093 9.075944756637828 332
1662376219347 9.075944756637828 333
1662376220613 8.37980089217713 334
1662376221909 8.824007474997575 335
1662376223237 8.824007474997575 336
1662376224527 8.37980089217713 337
1662376225789 8.37980089217713 338
1662376227048 8.397571900047147 339
1662376228333 8.397571900047147 340
1662376229601 8.884745617418885 341
1662376230920 8.85999314217136 342
1662376232204 8.85999314217136 343
1662376233518 8.85999314217136 344
1662376234795 8.85999314217136 345
1662376236042 8.832990441901332 346
1662376237299 8.808335802524352 347
1662376238616 9.001757318589004 348
1662376239909 9.001757318589004 349
1662376241189 9.001757318589004 350
1662376242452 9.222493677939223 351
1662376243729 9.222493677939223 352
1662376244991 9.222493677939223 353
1662376246277 9.330933093309332 354
1662376247560 9.330933093309332 355
1662376248841 9.444981765257271 356
1662376250121 9.41987055848442 357
1662376251358 9.41987055848442 358
1662376252642 9.41987055848442 359
1662376253916 9.278427842784277 360
1662376255170 8.775965831877304 361
1662376256467 8.775965831877304 362
1662376257765 9.178421703174177 363
1662376259051 9.31986441887432 364
1662376260315 9.16826684153417 365
1662376261628 8.71548606197007 366
1662376262932 8.71548606197007 367
1662376264234 9.20354663273303 368
1662376265493 9.105828165234106 369
1662376266768 9.105828165234106 370
1662376268037 8.874805062923874 371
1662376269290 8.874805062923874 372
1662376270551 8.96039603960396 373
1662376271790 8.96039603960396 374
1662376273087 8.96039603960396 375
1662376274382 8.96039603960396 376
1662376275655 9.006351436058939 377
1662376276933 9.006351436058939 378
1662376278199 9.048904890489048 379
1662376279473 9.048904890489048 380
1662376280723 9.246924692469246 381
1662376282041 9.297501178689297 382
1662376283329 9.42951438000943 383
1662376284597 9.42951438000943 384
1662376285904 9.465346534653465 385
1662376287184 9.792807852213793 386
1662376288423 9.71737173717372 387
1662376289710 9.71737173717372 388
1662376291017 9.71737173717372 389
1662376292287 9.777377737773778 390
1662376293537 9.595859585958594 391
1662376294761 9.595859585958594 392
1662376296005 9.63285802264437 393
1662376297277 9.63285802264437 394
1662376298534 9.075275948647498 395
1662376299796 9.075275948647498 396
1662376301077 9.075275948647498 397
1662376302327 9.067335304959068 398
1662376303640 9.036903690369037 399
1662376304895 9.036903690369037 400
1662376306176 9.215571557155716 401
1662376307497 9.507200720072008 402
1662376308822 9.507200720072008 403
1662376310076 9.823443882849823 404
1662376311356 9.298652273254081 405
1662376312639 9.328394377899327 406
1662376313937 8.984365827887137 407
1662376315185 8.992241615465895 408
1662376316482 9.020027002700271 409
1662376317769 9.020027002700271 410
1662376319064 9.020027002700271 411
1662376320352 9.020027002700271 412
1662376321612 9.18004300430043 413
1662376322882 9.3488098809881 414
1662376324139 9.3488098809881 415
1662376325376 9.319067776342854 416
1662376326675 9.904390439043905 417
1662376327907 9.731123112311233 418
1662376329153 9.731123112311233 419
1662376330394 9.738998899889987 420
1662376331676 9.57898289828983 421
1662376332941 9.57898289828983 422
1662376334185 9.57110711071107 423
1662376335466 9.121062106210621 424
1662376336753 8.638613861386139 425
1662376338030 8.726622662266227 426
1662376339274 8.563570642778563 427
1662376340509 8.668081093823666 428
1662376341799 8.668081093823666 429
1662376343060 8.572965992251397 430
1662376344315 8.689768976897689 431
1662376345582 8.667326732673267 432
1662376346797 8.667326732673267 433
1662376348039 8.562816281628164 434
1662376349257 8.562816281628164 435
1662376350520 8.606102715534712 436
1662376351769 8.630496459256909 437
1662376353073 8.630496459256909 438
1662376354303 8.630496459256909 439
1662376355580 8.630496459256909 440
1662376356873 8.630496459256909 441
1662376358129 8.630496459256909 442
1662376359441 8.630496459256909 443
1662376360693 8.606102715534712 444
1662376361945 8.606102715534712 445
1662376363206 8.606102715534712 446
1662376364489 8.52249435469863 447
1662376365768 8.782395344797639 448
1662376367042 8.782395344797639 449
1662376368279 8.913557660113836 450
1662376369536 9.028610832097703 451
1662376370785 9.037393968475858 452
1662376372074 9.037393968475858 453
1662376373329 9.063278909911176 454
1662376374585 9.096659785036621 455
1662376375852 9.096659785036621 456
1662376377143 9.335540815996861 457
1662376378463 9.31652804515456 458
1662376379841 9.272514249091488 459
1662376381151 9.279342518125288 460
1662376382493 9.279342518125288 461
1662376383709 9.39736518995769 462
1662376384982 9.408366290067699 463
1662376386260 9.42649514469545 464
1662376387620 9.058340316790298 465
1662376388909 8.98793327608623 466
1662376390210 9.190073129863862 467
1662376391485 9.190073129863862 468
1662376392748 9.083447082643756 469
1662376394034 9.405936474440079 470
1662376395332 9.405936474440079 471
1662376396603 9.392624218844773 472
1662376397875 9.054953114359055 473
1662376399104 9.040805463034783 474
1662376400388 9.034417727487034 475
1662376401735 9.04861269537092 476
1662376402999 9.054953114359055 477
1662376404251 9.07004033736707 478
1662376405521 9.312850332652314 479
1662376406795 9.351332410918044 480
1662376408069 9.472046452765577 481
1662376409317 9.472046452765577 482
1662376410586 9.472046452765577 483
1662376411853 9.296955259435718 484
1662376413147 9.296955259435718 485
1662376414401 9.353234571577458 486
1662376415643 9.01972753666344 487
1662376416896 9.224280492565386 488
1662376418173 9.122143963122967 489
1662376419430 9.16721826460346 490
1662376420716 9.497810979530993 491
1662376421917 9.250286227055748 492
1662376423204 9.33475096236279 493
1662376424452 9.33475096236279 494
1662376425803 9.494593238125656 495
1662376427062 9.490275513120071 496
1662376428273 9.364922206506366 497
1662376429551 9.364922206506366 498
1662376430805 9.364922206506366 499
1662376432023 9.364922206506366 500
1662376433291 9.672324375294671 501
1662376434532 9.688977669696795 502
1662376435795 9.684268426842685 503
1662376437053 9.684268426842685 504
1662376438336 9.673267326732674 505
1662376439600 9.618576143328617 506
1662376440874 9.558614482137868 507
1662376442155 9.558614482137868 508
1662376443404 8.94059405940594 509
1662376444646 8.769576957695769 510
1662376445908 8.604821351700389 511
1662376447120 8.47029702970297 512
1662376448388 8.47029702970297 513
1662376449710 9.009080313065631 514
1662376450990 9.047595311999327 515
1662376452273 9.123251820980418 516
1662376453504 9.123251820980418 517
1662376454742 9.152397592700448 518
1662376456019 9.253182461103252 519
1662376457344 9.371287128712872 520
1662376458645 9.356435643564357 521
1662376459884 9.85381479324403 522
1662376461159 9.85381479324403 523
1662376462421 9.808312277490465 524
1662376463732 9.93457070165221 525
1662376465037 9.941756904143425 526
1662376466282 9.650927062145943 527
1662376467565 9.650927062145943 528
1662376468856 9.650927062145943 529
1662376470157 9.809342903730101 530
1662376471391 9.809342903730101 531
1662376472629 9.614998526500615 532
1662376473899 9.614998526500615 533
1662376475201 9.757210503659062 534
1662376476479 9.757210503659062 535
1662376477762 9.687347539101737 536
1662376479052 9.751954292067863 537
1662376480323 9.117634840407119 538
1662376481552 9.25520787372855 539
1662376482792 9.25520787372855 540
1662376484073 9.25520787372855 541
1662376485358 9.532435596500827 542
1662376486621 9.506550655065507 543
1662376487892 9.550840798365549 544
1662376489181 9.57064277856357 545
1662376490449 9.56040037501287 546
1662376491706 9.50810943163282 547
1662376492968 9.50810943163282 548
1662376494208 9.711180539658953 549
1662376495492 9.711180539658953 550
1662376496844 9.806776306132152 551
1662376498088 9.517791244007343 552
1662376499395 9.449159201634451 553
1662376500647 9.321758262782799 554
1662376501951 9.382025159037644 555
1662376503247 9.578227387956186 556
1662376504516 9.578227387956186 557
1662376505786 9.578227387956186 558
1662376507061 9.578227387956186 559
1662376508334 9.593820920553595 560
1662376509618 9.578227387956186 561
1662376510882 9.593820920553595 562
1662376512159 9.578227387956186 563
1662376513437 9.08317788300569 564
1662376514702 9.096717698525705 565
1662376515937 8.985952441397986 566
1662376517234 9.011837382833306 567
1662376518537 9.040626415582734 568
1662376519883 9.011837382833306 569
1662376521165 9.003586557750799 570
1662376522443 9.45463166226125 571
1662376523741 9.408193983150303 572
1662376525028 9.420384391380313 573
1662376526326 9.263429200062863 574
1662376527591 9.31130289499538 575
1662376528867 9.31854570072392 576
1662376530160 9.343900000859815 577
1662376531399 9.297829782978297 578
1662376532704 9.310684009577429 579
1662376534001 8.86971554298287 580
1662376535267 8.721283893095192 581
1662376536526 8.825868301115825 582
1662376537813 8.858697899865174 583
1662376539056 9.065752729119065 584
1662376540342 9.065752729119065 585
1662376541558 9.224168570703224 586
1662376542804 9.065752729119065 587
1662376544048 9.041458431557443 588
1662376545339 9.041458431557443 589
1662376546611 9.076893554017056 590
1662376547912 9.116265912305515 591
1662376549177 9.5985202915896 592
1662376550448 9.5985202915896 593
1662376551690 9.5985202915896 594
1662376552944 9.5985202915896 595
1662376554212 9.5985202915896 596
1662376555487 9.15763004871916 597
1662376556823 9.421656451359423 598
1662376558088 9.796190145330323 599
1662376559371 9.867986798679869 600
1662376560682 10.0 601
1662376561929 10.011001100110011 602
1662376563206 10.011001100110011 603
1662376564417 9.812981298129813 604
1662376565691 9.812981298129813 605
1662376566973 9.812981298129813 606
1662376568279 9.616533081879616 607
1662376569545 9.616533081879616 608
1662376570845 9.583958395839582 609
1662376572132 9.554216291194335 610
1662376573422 9.540704070407042 611
1662376574669 9.667140560209868 612
1662376575938 9.855716340864856 613
1662376577256 9.86090916783986 614
1662376578504 9.385147305939386 615
1662376579790 9.385147305939386 616
1662376581055 8.743825481449246 617
1662376582340 8.625013600261125 618
1662376583658 8.617455695149348 619
1662376584926 8.49885350526003 620
1662376586257 8.598017020836878 621
1662376587562 8.709186032474882 622
1662376588912 9.201843993923202 623
1662376590184 9.425847346639426 624
1662376591420 8.956907119283358 625
1662376592652 8.965157944365867 626
1662376593931 9.02090209020902 627
1662376595187 9.068426842684268 628
1662376596457 9.068426842684268 629
1662376597808 8.93014301430143 630
1662376599086 8.905390539053904 631
1662376600339 8.942937772038073 632
1662376601638 8.931936671928062 633
1662376602913 8.931936671928062 634
1662376604148 9.101524438158103 635
1662376605383 9.101524438158103 636
1662376606616 9.052019487663053 637
1662376607908 8.85908024299967 638
1662376609207 8.85908024299967 639
1662376610479 8.891720869699702 640
1662376611775 8.996231320744807 641
1662376613030 8.840336644501887 642
1662376614263 8.840336644501887 643
1662376615544 8.872977271201922 644
1662376616822 8.937774959761986 645
1662376618052 8.855445544554454 646
1662376619327 8.855445544554454 647
1662376620630 8.923102310231023 648
1662376621952 8.89009900990099 649
1662376623223 8.89009900990099 650
1662376624495 8.916095455699416 651
1662376625791 8.93076810523038 652
1662376627068 8.93076810523038 653
1662376628362 8.646625405246095 654
1662376629619 8.678274724024126 655
1662376630919 8.747158535482196 656
1662376632173 9.438817444962886 657
1662376633459 9.603721114817052 658
1662376634725 9.445305273232893 659
1662376635996 9.445305273232893 660
1662376637249 9.698569856985698 661
1662376638531 9.698569856985698 662
1662376639831 9.698569856985698 663
1662376641115 9.44070407040704 664
1662376642392 9.612619326448774 665
1662376643712 9.344334433443345 666
1662376644973 9.321892189218921 667
1662376646241 9.397899789978997 668
1662376647501 9.195069506950695 669
1662376648786 9.195069506950695 670
1662376650092 9.242324232423242 671
1662376651320 9.242324232423242 672
1662376652596 9.242324232423242 673
1662376653921 9.292472104353292 674
1662376655121 9.292472104353292 675
1662376656379 9.324532453245324 676
1662376657689 9.324532453245324 677
1662376659000 9.324532453245324 678
1662376660232 9.324532453245324 679
1662376661493 9.456545654565456 680
1662376662789 9.567988377785149 681
1662376664065 9.445424542454244 682
1662376665303 9.496393117572627 683
1662376666576 9.533244628810706 684
1662376667844 9.533244628810706 685
1662376669097 9.60525182953078 686
1662376670361 9.508850885088508 687
1662376671607 9.17892503536068 688
1662376672913 9.214439456367998 689
1662376674200 8.622060525380268 690
1662376675441 8.622060525380268 691
1662376676729 8.622060525380268 692
1662376677966 8.918422642410388 693
1662376679218 9.172565703775346 694
1662376680453 9.038195123860211 695
1662376681679 8.978189123260153 696
1662376682959 9.473238628210648 697
1662376684223 9.314822786626488 698
1662376685448 9.314822786626488 699
1662376686693 9.210312335581385 700
1662376687927 9.210312335581385 701
1662376689172 9.368728177165544 702
1662376690425 8.715262830630891 703
1662376691714 8.974506146266801 704
1662376693036 9.172525948247 705
1662376694300 9.117569821498279 706
1662376695568 9.091878021549054 707
1662376696813 9.676355824168024 708
1662376698097 9.029533722603029 709
1662376699367 9.26055682491326 710
1662376700649 9.570306549885759 711
1662376701894 9.589170331425203 712
1662376703149 9.46815823021508 713
1662376704433 9.300428305857881 714
1662376705791 9.166674271113747 715
1662376707063 8.408450061596023 716
1662376708310 8.353754125412541 717
1662376709593 8.415635313531352 718
1662376710877 8.750206270627062 719
1662376712169 8.7879243281471 720
1662376713456 8.65719063096334 721
1662376714731 8.545808879530489 722
1662376716013 8.751724565169066 723
1662376717287 9.240859192917556 724
1662376718523 9.439634883095017 725
1662376719801 8.983498349834985 726
1662376721094 9.230440691127937 727
1662376722371 9.117286518567823 728
1662376723668 9.006117506929819 729
1662376724912 9.083485747955601 730
1662376726169 9.674719310166312 731
1662376727435 9.702251475147515 732
1662376728723 9.143633113311331 733
1662376729994 9.074638233054074 734
1662376731281 9.04988575780655 735
1662376732524 9.04988575780655 736
1662376733789 8.712183718371836 737
1662376735004 8.904702970297029 738
1662376736279 8.712183718371836 739
1662376737512 8.738311331133113 740
1662376738784 9.152915291529153 741
1662376740045 9.20992099209921 742
1662376741318 9.064706470647064 743
1662376742585 9.064706470647064 744
1662376743857 8.569656965696568 745
1662376745095 8.534337644290744 746
1662376746320 8.569656965696568 747
1662376747592 8.711197435533027 748
1662376748861 8.711197435533027 749
1662376750117 8.711197435533027 750
1662376751415 8.747674767476747 751
1662376752672 8.534337644290744 752
1662376753936 8.569656965696568 753
1662376755233 8.534337644290744 754
1662376756507 8.443259710586444 755
1662376757742 8.342421934501143 756
1662376759032 8.342421934501143 757
1662376760287 8.53097979481206 758
1662376761600 8.858393126762069 759
1662376762861 8.829906067529828 760
1662376764116 8.864699249365177 761
1662376765391 9.200799813251152 762
1662376766755 8.970511602243816 763
1662376768001 8.681555373582471 764
1662376769253 8.576341844710788 765
1662376770545 8.395362613184396 766
1662376771831 8.62046204620462 767
1662376773061 8.542269611576543 768
1662376774324 8.505792279632821 769
1662376775582 8.78209501622431 770
1662376776850 8.97909790979098 771
1662376778119 9.182918291829186 772
1662376779375 9.301180118011802 773
1662376780586 9.34820811273674 774
1662376781822 9.224487154597814 775
1662376783071 9.13971397139714 776
1662376784320 9.08197135503024 777
1662376785582 8.981395618553451 778
1662376786863 8.974122412241224 779
1662376788107 8.974122412241224 780
1662376789407 9.218735108805 781
1662376790676 9.119725207814898 782
1662376791935 9.035421189177741 783
1662376793225 8.897454962887592 784
1662376794531 8.397434325475892 785
1662376795825 8.304680468046804 786
1662376797095 8.66759449054149 787
1662376798355 8.692818301437987 788
1662376799650 8.46991365803247 789
1662376800919 8.30948094809481 790
1662376802189 8.790091509150916 791
1662376803465 9.036090705844778 792
1662376804732 9.000900090009003 793
1662376805994 9.260946682903585 794
1662376807221 9.555646741144704 795
1662376808444 9.606040370771357 796
1662376809698 9.65494784772595 797
1662376810968 9.723354688410017 798
1662376811727 9.723354688410017 798
