1662375794588 16.979871613534982 0
1662375795791 16.979871613534982 1
1662375797170 16.979871613534982 2
1662375798425 16.979871613534982 3
1662375799687 16.979871613534982 4
1662375800903 17.006496124725594 5
1662375802140 17.006496124725594 6
1662375803411 17.006496124725594 7
1662375804680 17.006496124725594 8
1662375805930 17.006496124725594 9
1662375807177 17.006496124725594 10
1662375808423 17.006496124725594 11
1662375809680 17.006496124725594 12
1662375810967 17.006496124725594 13
1662375812187 17.006496124725594 14
1662375813412 17.006496124725594 15
1662375814667 17.006496124725594 16
1662375815895 17.006496124725594 17
1662375817200 17.006496124725594 18
1662375818471 17.006496124725594 19
1662375819736 17.006496124725594 20
1662375821052 17.006496124725594 21
1662375822338 17.006496124725594 22
1662375823578 17.006496124725594 23
1662375824816 17.006496124725594 24
1662375826078 17.006496124725594 25
1662375827283 17.006496124725594 26
1662375828567 17.034734242655038 27
1662375829825 17.034734242655038 28
1662375831079 17.034734242655038 29
1662375832347 17.034734242655038 30
1662375833624 17.034734242655038 31
1662375834872 16.992083823766993 32
1662375836143 16.992083823766993 33
1662375837387 16.992083823766993 34
1662375838648 16.992083823766993 35
1662375839906 16.992083823766993 36
1662375841161 16.992083823766993 37
1662375842444 16.992083823766993 38
1662375843709 16.992083823766993 39
1662375845027 16.992083823766993 40
1662375846319 16.992083823766993 41
1662375847609 16.992083823766993 42
1662375848888 16.992083823766993 43
1662375850127 16.992083823766993 44
1662375851427 16.992083823766993 45
1662375852688 16.992083823766993 46
1662375853943 16.992083823766993 47
1662375855202 16.992083823766993 48
1662375856468 16.992083823766993 49
1662375857742 16.992083823766993 50
1662375859029 16.992083823766993 51
1662375860322 16.992083823766993 52
1662375861666 16.992083823766993 53
1662375862938 16.992083823766993 54
1662375864196 16.992083823766993 55
1662375865491 16.992083823766993 56
1662375866762 16.992083823766993 57
1662375868073 16.992083823766993 58
1662375869313 16.992083823766993 59
1662375870606 16.992083823766993 60
1662375871917 16.992083823766993 61
1662375873297 16.992083823766993 62
1662375874569 16.992083823766993 63
1662375875822 16.992083823766993 64
1662375877101 16.992083823766993 65
1662375878342 17.166167166167163 66
1662375879616 17.166167166167163 67
1662375880908 17.50998176740751 68
1662375882172 17.50998176740751 69
1662375883462 17.50998176740751 70
1662375884731 17.166167166167163 71
1662375885963 17.166167166167163 72
1662375887241 17.166167166167163 73
1662375888500 17.166167166167163 74
1662375889771 17.166167166167163 75
1662375891057 17.166167166167163 76
1662375892310 17.12667603756713 77
1662375893555 17.12667603756713 78
1662375894838 17.12667603756713 79
1662375896088 17.09843791963769 80
1662375897441 17.09843791963769 81
1662375898741 17.09843791963769 82
1662375899992 17.09843791963769 83
1662375901298 17.09843791963769 84
1662375902578 17.09843791963769 85
1662375903854 17.09843791963769 86
1662375905122 17.09843791963769 87
1662375906413 17.071813408447074 88
1662375907673 17.071813408447074 89
1662375908945 18.12001861506812 90
1662375910215 18.12001861506812 91
1662375911508 18.12001861506812 92
1662375912775 18.08334828136808 93
1662375914054 18.08334828136808 94
1662375915342 18.05658884866806 95
1662375916621 18.05658884866806 96
1662375917922 18.05658884866806 97
1662375919225 18.05658884866806 98
1662375920526 18.02982941596803 99
1662375921824 18.02982941596803 100
1662375923105 17.97394025116797 101
1662375924372 18.034869421008036 102
1662375925723 18.058920409102797 103
1662375927012 18.034869421008036 104
1662375928326 18.19709212101083 105
1662375929639 18.19709212101083 106
1662375930923 18.222443162516118 107
1662375932270 18.249202595216143 108
1662375933555 18.249202595216143 109
1662375934817 18.249202595216143 110
1662375936100 18.488083626176383 111
1662375937393 18.681346195676575 112
1662375938652 18.681346195676575 113
1662375939922 18.681346195676575 114
1662375941231 17.54198901671544 115
1662375942497 17.365971414955258 116
1662375943711 17.365971414955258 117
1662375944960 17.365971414955258 118
1662375946265 17.45282220529745 119
1662375947551 17.45282220529745 120
1662375948831 17.47796757697748 121
1662375950118 17.45910854821746 122
1662375951412 17.372257757875264 123
1662375952653 17.372257757875264 124
1662375953966 17.372257757875264 125
1662375955215 17.45910854821746 126
1662375956500 17.45910854821746 127
1662375957812 17.45910854821746 128
1662375959074 17.45910854821746 129
1662375960338 17.45910854821746 130
1662375961572 17.35030645921735 131
1662375962834 17.35030645921735 132
1662375964127 17.35030645921735 133
1662375965404 17.35030645921735 134
1662375966693 17.35030645921735 135
1662375967992 17.35030645921735 136
1662375969279 17.35030645921735 137
1662375970549 17.35030645921735 138
1662375971838 17.35030645921735 139
1662375973134 17.35030645921735 140
1662375974412 17.263455668875157 141
1662375975686 17.439473270635332 142
1662375976970 16.52328948635829 143
1662375978222 16.52328948635829 144
1662375979506 16.49534314333689 145
1662375980736 16.49534314333689 146
1662375982025 16.41717743202892 147
1662375983273 16.39092480676639 148
1662375984519 16.39092480676639 149
1662375985787 16.32020344891632 150
1662375987062 16.32020344891632 151
1662375988334 16.32020344891632 152
1662375989641 16.346456074178846 153
1662375990932 16.346456074178846 154
1662375992224 16.483204506200355 155
1662375993499 16.483204506200355 156
1662375994801 16.307186904440172 157
1662375996066 16.307186904440172 158
1662375997366 16.307186904440172 159
1662375998608 16.45525816317895 160
1662375999869 16.45525816317895 161
1662376001113 16.346456074178846 162
1662376002419 16.346456074178846 163
1662376003721 16.346456074178846 164
1662376004981 16.346456074178846 165
1662376006228 16.346456074178846 166
1662376007485 16.525979521029026 167
1662376008764 16.604145232337 168
1662376010043 17.372257757875264 169
1662376011317 17.372257757875264 170
1662376012644 17.372257757875264 171
1662376013945 17.45910854821746 172
1662376015253 17.45910854821746 173
1662376016553 17.45910854821746 174
1662376017804 17.55617707859991 175
1662376019083 17.35030645921735 176
1662376020354 17.40355548159858 177
1662376021637 17.259541080158435 178
1662376022928 17.259541080158435 179
1662376024230 17.259541080158435 180
1662376025534 17.30336058815966 181
1662376026860 17.130200414999482 182
1662376028163 17.130200414999482 183
1662376029436 17.190206415599544 184
1662376030699 17.190206415599544 185
1662376032014 17.190206415599544 186
1662376033319 17.104483557599462 187
1662376034592 17.104483557599462 188
1662376035851 17.355128369979855 189
1662376037146 17.355128369979855 190
1662376038422 17.355128369979855 191
1662376039700 17.355128369979855 192
1662376041002 17.355128369979855 193
1662376042255 17.298652134120974 194
1662376043495 17.298652134120974 195
1662376044782 16.970184413399323 196
1662376046039 17.253069844799608 197
1662376047309 17.156001314417153 198
1662376048603 17.156001314417153 199
1662376049846 17.206292057777205 200
1662376051151 17.602331661737608 201
1662376052455 17.51548087139541 202
1662376053684 17.51548087139541 203
1662376054966 17.437315160087437 204
1662376056246 17.437315160087437 205
1662376057516 17.437315160087437 206
1662376058760 17.437315160087437 207
1662376060027 17.366593802237368 208
1662376061276 17.437315160087437 209
1662376062537 17.437315160087437 210
1662376063821 17.437315160087437 211
1662376065113 17.51548087139541 212
1662376066370 17.51548087139541 213
1662376067668 17.51548087139541 214
1662376068924 17.504468593577506 215
1662376070226 17.60153712395996 216
1662376071485 17.504468593577506 217
1662376072727 17.514503380840015 218
1662376073995 17.61157191122247 219
1662376075265 17.61157191122247 220
1662376076586 17.649109448760004 221
1662376077894 17.699400192120056 222
1662376079163 17.602331661737608 223
1662376080454 17.51548087139541 224
1662376081719 17.51548087139541 225
1662376083009 17.51548087139541 226
1662376084286 17.437315160087437 227
1662376085545 17.437315160087437 228
1662376086808 17.4198428246186 229
1662376088132 17.4198428246186 230
1662376089405 16.396211049676396 231
1662376090674 16.466932407526468 232
1662376091951 16.466932407526468 233
1662376093236 16.61094680896661 234
1662376094468 16.63719943422914 235
1662376095744 16.63719943422914 236
1662376097017 16.63719943422914 237
1662376098255 16.63719943422914 238
1662376099572 16.63719943422914 239
1662376100821 16.63719943422914 240
1662376102089 16.694955209806693 241
1662376103350 16.773120921114668 242
1662376104583 16.859971711456858 243
1662376105846 16.859971711456858 244
1662376107120 16.859971711456858 245
1662376108399 16.891836966947928 246
1662376109690 16.891836966947928 247
1662376110910 16.891836966947928 248
1662376112207 16.891836966947928 249
1662376113514 16.891836966947928 250
1662376114773 16.726820465297763 251
1662376116028 16.804986176605734 252
1662376117290 16.804986176605734 253
1662376118574 16.804986176605734 254
1662376119887 16.804986176605734 255
1662376121128 16.98100377836591 256
1662376122406 16.98100377836591 257
1662376123695 16.98100377836591 258
1662376124958 16.886708634565817 259
1662376126192 16.920849979734818 260
1662376127445 16.839127521774735 261
1662376128720 17.01514512353491 262
1662376129945 17.164923099090554 263
1662376131178 17.006179880660877 264
1662376132445 17.103248411043324 265
1662376133708 17.131906739061005 266
1662376134960 17.131906739061005 267
1662376136241 17.226201882861098 268
1662376137525 17.226201882861098 269
1662376138797 17.24815318151901 270
1662376140064 17.24815318151901 271
1662376141340 17.24815318151901 272
1662376142620 16.949965468010824 273
1662376143848 16.703226508400572 274
1662376145155 16.703226508400572 275
1662376146455 16.773947866250644 276
1662376147730 16.773947866250644 277
1662376149017 16.773947866250644 278
1662376150303 16.20325748315797 279
1662376151576 16.20325748315797 280
1662376152889 16.0971454288286 281
1662376154112 16.17531114013657 282
1662376155394 17.11944126743502 283
1662376156670 17.259541080158435 284
1662376157948 16.959511077158137 285
1662376159209 16.93379421975811 286
1662376160503 16.93379421975811 287
1662376161759 17.087994513737087 288
1662376163061 17.087994513737087 289
1662376164334 17.087994513737087 290
1662376165633 17.087994513737087 291
1662376166887 16.11761176117612 292
1662376168172 16.11761176117612 293
1662376169463 16.143864386438644 294
1662376170766 16.46746817538897 295
1662376172073 16.278877887788777 296
1662376173340 16.46746817538897 297
1662376174598 16.46746817538897 298
1662376175945 16.278877887788777 299
1662376177191 16.218082334549248 300
1662376178489 15.891765000675889 301
1662376179788 15.891765000675889 302
1662376181037 16.191829709286722 303
1662376182273 18.0823345492444 304
1662376183547 18.0823345492444 305
1662376184811 18.0823345492444 306
1662376186081 19.130353647029 307
1662376187390 19.10500260552371 308
1662376188659 19.50784552139424 309
1662376189932 19.50784552139424 310
1662376191180 19.3648312199641 311
1662376192442 19.3648312199641 312
1662376193745 19.3648312199641 313
1662376195031 17.44046026224244 314
1662376196346 17.44046026224244 315
1662376197610 17.44046026224244 316
1662376198848 17.44046026224244 317
1662376200147 17.417926003126627 318
1662376201426 17.17635772865212 319
1662376202703 17.17635772865212 320
1662376204009 17.198891987767933 321
1662376205270 17.024168633079526 322
1662376206636 17.06170617061706 323
1662376207946 17.06170617061706 324
1662376209207 16.814181418141814 325
1662376210508 16.814181418141814 326
1662376211753 16.694169416941698 327
1662376213011 16.705956309916704 328
1662376214272 16.705956309916704 329
1662376215573 16.705956309916704 330
1662376216828 16.66841877237917 331
1662376218094 16.88844077457939 332
1662376219347 16.88844077457939 333
1662376220614 15.529231494578028 334
1662376221910 16.385533340978885 335
1662376223238 16.385533340978885 336
1662376224528 15.529231494578028 337
1662376225789 15.529231494578028 338
1662376227048 15.529231494578028 339
1662376228334 15.529231494578028 340
1662376229602 15.502978869315504 341
1662376230921 15.420470618490423 342
1662376232205 15.420470618490423 343
1662376233519 15.420470618490423 344
1662376234796 15.420470618490423 345
1662376236043 15.356178474990356 346
1662376237300 15.29747695266421 347
1662376238616 15.356178474990356 348
1662376239910 15.356178474990356 349
1662376241190 15.356178474990356 350
1662376242452 15.356178474990356 351
1662376243729 15.356178474990356 352
1662376244992 15.356178474990356 353
1662376246277 15.627277013415627 354
1662376247561 15.627277013415627 355
1662376248842 15.85146092248976 356
1662376250122 15.797651193690799 357
1662376251358 15.797651193690799 358
1662376252642 15.797651193690799 359
1662376253916 15.514765762290514 360
1662376255171 15.490057409102253 361
1662376256467 15.490057409102253 362
1662376257765 16.198695159091198 363
1662376259052 16.481580590491482 364
1662376260316 16.198695159091198 365
1662376261628 15.355276850301033 366
1662376262933 15.355276850301033 367
1662376264234 15.331980403009245 368
1662376265494 15.09115197234009 369
1662376266768 15.09115197234009 370
1662376268038 14.32107496463932 371
1662376269291 14.32107496463932 372
1662376270552 14.438943894389439 373
1662376271791 14.438943894389439 374
1662376273087 14.438943894389439 375
1662376274382 14.438943894389439 376
1662376275656 14.54486409739372 377
1662376276933 14.54486409739372 378
1662376278199 14.641464146414643 379
1662376279473 14.641464146414643 380
1662376280724 15.037503750375036 381
1662376282042 15.153229608675153 382
1662376283330 15.341819896275343 383
1662376284597 15.341819896275343 384
1662376285904 15.412541254125411 385
1662376287184 16.44121555012644 386
1662376288423 16.25262526252625 387
1662376289711 16.25262526252625 388
1662376291018 16.25262526252625 389
1662376292288 16.372637263726375 390
1662376293538 16.372637263726375 391
1662376294762 16.372637263726375 392
1662376296005 16.450802975034346 393
1662376297278 16.450802975034346 394
1662376298534 16.450802975034346 395
1662376299796 16.450802975034346 396
1662376301077 16.450802975034346 397
1662376302328 16.301915905876303 398
1662376303641 16.237623762376234 399
1662376304896 16.237623762376234 400
1662376306177 16.155115511551156 401
1662376307498 16.155115511551156 402
1662376308822 16.155115511551156 403
1662376310076 16.523806226776525 404
1662376311357 16.465104704450376 405
1662376312639 16.523806226776525 406
1662376313938 16.096413989225013 407
1662376315186 16.12266661448754 408
1662376316483 16.18136813681368 409
1662376317769 16.18136813681368 410
1662376319065 16.18136813681368 411
1662376320352 16.18136813681368 412
1662376321613 16.501400140014006 413
1662376322882 16.501400140014006 414
1662376324139 16.501400140014006 415
1662376325377 16.44269861768786 416
1662376326676 16.61016101610161 417
1662376327907 16.61016101610161 418
1662376329154 16.61016101610161 419
1662376330394 16.636413641364136 420
1662376331676 16.31638163816382 421
1662376332941 16.31638163816382 422
1662376334185 16.290129012901293 423
1662376335467 15.054005400540055 424
1662376336753 15.198019801980198 425
1662376338030 15.374037403740376 426
1662376339275 15.1972340091152 427
1662376340509 15.417256011315414 428
1662376341800 15.417256011315414 429
1662376343061 15.19586741282824 430
1662376344316 15.495049504950495 431
1662376345582 15.445544554455449 432
1662376346798 15.445544554455449 433
1662376348040 15.225522552255224 434
1662376349257 15.225522552255224 435
1662376350521 15.32713797695559 436
1662376351769 15.380947705754558 437
1662376353074 15.380947705754558 438
1662376354303 15.380947705754558 439
1662376355581 15.380947705754558 440
1662376356873 15.380947705754558 441
1662376358130 15.380947705754558 442
1662376359441 15.380947705754558 443
1662376360694 15.32713797695559 444
1662376361946 15.32713797695559 445
1662376363207 15.32713797695559 446
1662376364490 15.151120375195415 447
1662376365769 16.01745700885878 448
1662376367043 16.01745700885878 449
1662376368280 16.305184866312715 450
1662376369537 17.455716586151368 451
1662376370785 17.487655263890108 452
1662376372075 17.487655263890108 453
1662376373330 17.552367617478414 454
1662376374585 17.762826992638413 455
1662376375852 17.762826992638413 456
1662376377144 18.265734426238915 457
1662376378464 18.265734426238915 458
1662376379841 18.193435107057503 459
1662376381151 18.193435107057503 460
1662376382494 18.193435107057503 461
1662376383710 18.193435107057503 462
1662376384983 18.193435107057503 463
1662376386261 18.201022072650613 464
1662376387621 17.698114639050115 465
1662376388910 17.52209703728994 466
1662376390211 17.635582741119663 467
1662376391485 17.635582741119663 468
1662376392749 17.635582741119663 469
1662376394034 18.314507776480344 470
1662376395333 18.314507776480344 471
1662376396604 18.281227137492074 472
1662376397876 17.529467232437526 473
1662376399105 17.461331386594882 474
1662376400389 17.397454031117395 475
1662376401735 17.466063042556172 476
1662376402999 17.529467232437526 477
1662376404252 17.680339462517676 478
1662376405522 18.203677510608205 479
1662376406796 18.266338430576273 480
1662376408070 18.476388992282686 481
1662376409317 18.476388992282686 482
1662376410587 18.476388992282686 483
1662376411854 17.147571900047147 484
1662376413148 17.147571900047147 485
1662376414402 17.288270180401497 486
1662376415644 16.223479490806227 487
1662376416897 16.834877036090706 488
1662376418174 16.57953571248466 489
1662376419431 16.722884470374506 490
1662376420716 16.343477665738924 491
1662376421918 15.77770680293836 492
1662376423205 15.925633310359899 493
1662376424453 15.925633310359899 494
1662376425804 16.311538988000184 495
1662376427063 16.438837432130313 496
1662376428274 16.624233851956625 497
1662376429551 16.624233851956625 498
1662376430806 16.624233851956625 499
1662376432023 16.624233851956625 500
1662376433291 16.690240452616685 501
1662376434532 16.712022079400924 502
1662376435796 16.967363403006967 503
1662376437054 16.967363403006967 504
1662376438336 16.930693069306933 505
1662376439600 16.8033946251768 506
1662376440875 16.653527421707686 507
1662376442156 16.653527421707686 508
1662376443404 14.83048304830483 509
1662376444647 14.83048304830483 510
1662376445909 14.67785909025685 511
1662376447120 14.372937293729372 512
1662376448388 14.372937293729372 513
1662376449711 15.688978508834866 514
1662376450990 15.450097477874625 515
1662376452274 15.631411880683869 516
1662376453505 15.631411880683869 517
1662376454743 15.695704024183929 518
1662376456019 15.78972182932579 519
1662376457345 17.112211221122113 520
1662376458646 17.062706270627064 521
1662376459884 18.002329644729176 522
1662376461160 18.002329644729176 523
1662376462422 16.870043483782254 524
1662376463733 17.152928915182542 525
1662376465038 17.152928915182542 526
1662376466283 16.183496108524263 527
1662376467566 16.183496108524263 528
1662376468857 16.183496108524263 529
1662376470157 16.57953571248466 530
1662376471392 16.57953571248466 531
1662376472630 16.157113607573937 532
1662376473900 16.157113607573937 533
1662376475202 17.880689670797743 534
1662376476480 17.880689670797743 535
1662376477762 18.03702109341369 536
1662376479053 18.28317285510064 537
1662376480323 15.744651388215743 538
1662376481553 15.562262108563798 539
1662376482793 15.562262108563798 540
1662376484073 15.562262108563798 541
1662376485359 16.48635451780472 542
1662376486621 16.421642164216426 543
1662376487893 16.51736602231652 544
1662376489181 16.583372622976583 545
1662376490450 16.549231277807582 546
1662376491707 16.43350541950747 547
1662376492969 16.43350541950747 548
1662376494208 16.336905370486544 549
1662376495492 16.336905370486544 550
1662376496845 16.336905370486544 551
1662376498089 16.852066477550768 552
1662376499396 16.68945465975169 553
1662376500648 16.361984024489406 554
1662376501952 16.512651265126514 555
1662376503247 16.512651265126514 556
1662376504517 16.512651265126514 557
1662376505786 16.512651265126514 558
1662376507062 16.512651265126514 559
1662376508335 16.543808226976545 560
1662376509619 16.512651265126514 561
1662376510882 16.543808226976545 562
1662376512160 16.512651265126514 563
1662376513438 16.512651265126514 564
1662376514702 16.546500803926545 565
1662376515937 16.546500803926545 566
1662376517235 16.611213157514847 567
1662376518537 16.707176600012943 568
1662376519883 16.611213157514847 569
1662376521166 16.611213157514847 570
1662376522444 17.49130116631573 571
1662376523741 17.378659964565614 572
1662376525029 17.40244612696564 573
1662376526326 17.36287914505736 574
1662376527592 17.482454127765717 575
1662376528868 17.506596813527505 576
1662376530160 17.571309167115807 577
1662376531399 17.417741774177415 578
1662376532705 17.436174990048027 579
1662376534001 16.620042956676617 580
1662376535268 16.25728399170449 581
1662376536526 16.577610141966577 582
1662376537813 16.655775853274548 583
1662376539056 16.687822628416686 584
1662376540343 16.687822628416686 585
1662376541558 17.083862232377083 586
1662376542805 16.687822628416686 587
1662376544049 16.65975168945466 588
1662376545339 16.65975168945466 589
1662376546612 16.73791740076263 590
1662376547913 16.824768191104823 591
1662376549178 16.78211777221678 592
1662376550449 16.78211777221678 593
1662376551691 16.78211777221678 594
1662376552944 16.78211777221678 595
1662376554212 16.78211777221678 596
1662376555487 16.742626643616745 597
1662376556823 16.742626643616745 598
1662376558089 16.455329743500666 599
1662376559372 16.611661166116612 600
1662376560683 17.007700770077008 601
1662376561930 17.044371103777046 602
1662376563206 17.044371103777046 603
1662376564417 16.648331499816653 604
1662376565692 16.648331499816653 605
1662376566973 16.648331499816653 606
1662376568280 16.110063387291106 607
1662376569546 16.110063387291106 608
1662376570846 16.045771243791044 609
1662376572132 15.9870697214649 610
1662376573422 15.97909790979098 611
1662376574670 16.287974951341287 612
1662376575939 16.68401455530168 613
1662376577257 16.7013239785517 614
1662376578504 16.765616122051764 615
1662376579790 16.765616122051764 616
1662376581056 16.765616122051764 617
1662376582340 16.36957651809137 618
1662376583659 16.33942553919258 619
1662376584927 16.056465375044297 620
1662376586257 15.55277441223473 621
1662376587562 15.830696941329741 622
1662376588913 15.82272512965582 623
1662376590185 15.82272512965582 624
1662376591421 16.00754361150401 625
1662376592652 16.00754361150401 626
1662376593932 16.06160616061606 627
1662376595188 16.06160616061606 628
1662376596458 16.06160616061606 629
1662376597808 16.28162816281628 630
1662376599087 16.199119911991193 631
1662376600340 16.289599974490205 632
1662376601638 16.252929640790164 633
1662376602914 16.252929640790164 634
1662376604148 16.68945465975169 635
1662376605383 16.68945465975169 636
1662376606616 16.68945465975169 637
1662376607908 16.65531331458269 638
1662376609208 16.65531331458269 639
1662376610480 16.7641154035828 640
1662376611775 16.984137405783017 641
1662376613031 16.61263663312144 642
1662376614263 16.61263663312144 643
1662376615545 16.721438722121544 644
1662376616823 16.436619031361264 645
1662376618052 16.22112211221122 646
1662376619328 16.22112211221122 647
1662376620631 16.41914191419142 648
1662376621952 16.33663366336634 649
1662376623224 16.33663366336634 650
1662376624495 16.41914191419142 651
1662376625792 16.436619031361264 652
1662376627069 16.436619031361264 653
1662376628362 15.726262281400553 654
1662376629620 16.342323887561168 655
1662376630919 16.452334888661284 656
1662376632174 16.452334888661284 657
1662376633460 16.848374492621673 658
1662376634725 16.452334888661284 659
1662376635996 16.452334888661284 660
1662376637250 16.413641364136417 661
1662376638531 16.413641364136417 662
1662376639832 16.413641364136417 663
1662376641115 16.413641364136417 664
1662376642393 16.8293764860357 665
1662376643712 15.935093509350931 666
1662376644974 15.885588558855885 667
1662376646241 16.075607560756076 668
1662376647502 16.125112511251128 669
1662376648787 16.125112511251128 670
1662376650092 16.237623762376234 671
1662376651320 16.237623762376234 672
1662376652597 16.237623762376234 673
1662376653921 15.781863900675782 674
1662376655122 15.781863900675782 675
1662376656380 15.852585258525853 676
1662376657689 15.852585258525853 677
1662376659001 15.852585258525853 678
1662376660233 15.852585258525853 679
1662376661494 16.182618261826185 680
1662376662790 16.450802975034346 681
1662376664066 16.075607560756076 682
1662376665304 16.178922240050092 683
1662376666577 16.35894024185027 684
1662376667844 16.35894024185027 685
1662376669098 16.538958243650452 686
1662376670362 16.305130513051306 687
1662376671608 15.777934936350777 688
1662376672914 15.874792448188918 689
1662376674200 16.065169542164302 690
1662376675441 16.065169542164302 691
1662376676730 16.065169542164302 692
1662376677966 16.006468019838156 693
1662376679219 16.641825673250555 694
1662376680454 16.35894024185027 695
1662376681679 16.208925240350123 696
1662376682960 16.208925240350123 697
1662376684224 15.812885636389728 698
1662376685448 15.812885636389728 699
1662376686694 15.592863634189507 700
1662376687928 15.592863634189507 701
1662376689173 15.988903238149904 702
1662376690426 15.592863634189507 703
1662376691715 15.592863634189507 704
1662376693037 15.988903238149904 705
1662376694300 16.8293764860357 706
1662376695569 16.652935765040525 707
1662376696814 16.652935765040525 708
1662376698098 15.56063298637556 709
1662376699368 15.56063298637556 710
1662376700650 16.739813404417365 711
1662376701894 16.80269267621551 712
1662376703149 16.582670674015294 713
1662376704433 17.892156461303696 714
1662376705792 17.607336770543412 715
1662376707063 16.297850983255007 716
1662376708310 16.14067656765677 717
1662376709594 16.14067656765677 718
1662376710878 16.14067656765677 719
1662376712170 16.23497171145686 720
1662376713457 16.91821282968633 721
1662376714732 15.833071994982303 722
1662376716014 16.4018750053143 723
1662376717288 17.372257757875264 724
1662376718524 17.372257757875264 725
1662376719802 16.73738802451674 726
1662376721095 16.823917685886236 727
1662376722372 16.541032254485955 728
1662376723668 16.26310972539094 729
1662376724913 16.7220127585514 730
1662376726169 16.91742703682133 731
1662376727435 17.009200920092006 732
1662376728724 15.838146314631462 733
1662376729995 15.384615384615385 734
1662376731282 15.322734196496574 735
1662376732524 15.322734196496574 736
1662376733789 15.00962596259626 737
1662376735004 15.449669966996701 738
1662376736279 15.00962596259626 739
1662376737513 15.22964796479648 740
1662376738785 15.951595159515955 741
1662376740046 16.141614161416143 742
1662376741318 16.537653765376536 743
1662376742586 16.537653765376536 744
1662376743858 16.537653765376536 745
1662376745095 16.450802975034346 746
1662376746320 16.537653765376536 747
1662376747592 16.450802975034346 748
1662376748861 16.450802975034346 749
1662376750118 16.450802975034346 750
1662376751416 16.537653765376536 751
1662376752672 16.450802975034346 752
1662376753936 16.537653765376536 753
1662376755234 16.450802975034346 754
1662376756508 15.839891681475843 755
1662376757742 15.48954895489549 756
1662376759033 15.48954895489549 757
1662376760288 16.1322919622279 758
1662376761601 17.14594941275504 759
1662376762862 17.067783701447066 760
1662376764116 17.14594941275504 761
1662376765392 16.773206256086436 762
1662376766755 16.900142026586558 763
1662376768001 16.480805975334377 764
1662376769254 16.480805975334377 765
1662376770546 16.044681391216045 766
1662376771832 16.237623762376234 767
1662376773061 16.044681391216045 768
1662376774325 15.957830600873853 769
1662376775582 18.43414593560196 770
1662376776850 18.15181518151815 771
1662376778119 19.001900190019 772
1662376779376 18.946894689468945 773
1662376780587 19.143342905719145 774
1662376781822 18.63988079480217 775
1662376783072 18.40784078407841 776
1662376784320 18.136761044525503 777
1662376785583 16.208965434358564 778
1662376786863 16.212871287128714 779
1662376788108 16.212871287128714 780
1662376789408 17.028246942341294 781
1662376790677 17.028246942341294 782
1662376791936 16.831683168316832 783
1662376793226 16.322936641490234 784
1662376794532 15.943506115317414 785
1662376795826 15.999099909990996 786
1662376797095 15.76829111482577 787
1662376798356 15.83228911126407 788
1662376799651 15.065006500650066 789
1662376800920 15.065006500650066 790
1662376802190 15.93134313431343 791
1662376803466 16.121047588629832 792
1662376804733 16.044104410441047 793
1662376805995 17.98450433278622 794
1662376807222 19.032844460916685 795
1662376808445 19.213877270079948 796
1662376809699 19.436649547307674 797
1662376810968 19.580663948747816 798
1662376811728 19.580663948747816 798
