1662375794589 9.386138613861386 0
1662375795792 9.386138613861386 1
1662375797170 9.386138613861386 2
1662375798425 9.386138613861386 3
1662375799688 9.386138613861386 4
1662375800903 9.386138613861386 5
1662375802141 9.386138613861386 6
1662375803412 9.386138613861386 7
1662375804681 9.386138613861386 8
1662375805930 9.386138613861386 9
1662375807178 9.386138613861386 10
1662375808423 9.386138613861386 11
1662375809680 9.386138613861386 12
1662375810968 9.386138613861386 13
1662375812188 9.386138613861386 14
1662375813412 9.386138613861386 15
1662375814667 9.386138613861386 16
1662375815896 9.386138613861386 17
1662375817201 9.386138613861386 18
1662375818471 9.386138613861386 19
1662375819737 9.386138613861386 20
1662375821052 9.386138613861386 21
1662375822338 9.386138613861386 22
1662375823579 9.386138613861386 23
1662375824817 9.386138613861386 24
1662375826079 9.386138613861386 25
1662375827284 9.386138613861386 26
1662375828568 9.386138613861386 27
1662375829826 9.386138613861386 28
1662375831080 9.386138613861386 29
1662375832348 9.386138613861386 30
1662375833625 9.386138613861386 31
1662375834873 9.367859862909368 32
1662375836144 9.367859862909368 33
1662375837388 9.367859862909368 34
1662375838649 9.367859862909368 35
1662375839906 9.367859862909368 36
1662375841162 9.367859862909368 37
1662375842444 9.367859862909368 38
1662375843710 9.367859862909368 39
1662375845027 9.367859862909368 40
1662375846319 9.367859862909368 41
1662375847609 9.367859862909368 42
1662375848889 9.367859862909368 43
1662375850127 9.367859862909368 44
1662375851428 9.367859862909368 45
1662375852688 9.367859862909368 46
1662375853944 9.367859862909368 47
1662375855203 9.367859862909368 48
1662375856469 9.367859862909368 49
1662375857743 9.367859862909368 50
1662375859030 9.367859862909368 51
1662375860323 9.367859862909368 52
1662375861666 9.367859862909368 53
1662375862939 9.367859862909368 54
1662375864197 9.367859862909368 55
1662375865491 9.367859862909368 56
1662375866763 9.367859862909368 57
1662375868074 9.367859862909368 58
1662375869314 9.367859862909368 59
1662375870606 9.367859862909368 60
1662375871918 9.367859862909368 61
1662375873298 9.367859862909368 62
1662375874569 9.367859862909368 63
1662375875823 9.367859862909368 64
1662375877101 9.367859862909368 65
1662375878342 9.367859862909368 66
1662375879616 9.367859862909368 67
1662375880908 9.367859862909368 68
1662375882173 9.367859862909368 69
1662375883463 9.367859862909368 70
1662375884731 9.367859862909368 71
1662375885964 9.367859862909368 72
1662375887242 9.367859862909368 73
1662375888501 9.367859862909368 74
1662375889771 9.367859862909368 75
1662375891057 9.367859862909368 76
1662375892311 9.350935093509351 77
1662375893556 9.350935093509351 78
1662375894838 9.350935093509351 79
1662375896089 9.350935093509351 80
1662375897442 9.350935093509351 81
1662375898742 9.350935093509351 82
1662375899993 9.350935093509351 83
1662375901298 9.350935093509351 84
1662375902578 9.350935093509351 85
1662375903855 9.350935093509351 86
1662375905123 9.350935093509351 87
1662375906414 9.350935093509351 88
1662375907673 9.350935093509351 89
1662375908946 9.350935093509351 90
1662375910215 9.350935093509351 91
1662375911508 9.350935093509351 92
1662375912775 9.335219236209335 93
1662375914054 9.335219236209335 94
1662375915342 9.335219236209335 95
1662375916622 9.335219236209335 96
1662375917923 9.335219236209335 97
1662375919225 9.335219236209335 98
1662375920527 9.320587231136907 99
1662375921825 9.320587231136907 100
1662375923106 9.320587231136907 101
1662375924373 9.320587231136907 102
1662375925724 9.320587231136907 103
1662375927013 9.306930693069306 104
1662375928327 9.306930693069306 105
1662375929640 9.306930693069306 106
1662375930924 9.306930693069306 107
1662375932271 9.306930693069306 108
1662375933555 9.306930693069306 109
1662375934818 9.306930693069306 110
1662375936100 9.306930693069306 111
1662375937394 9.306930693069306 112
1662375938653 9.306930693069306 113
1662375939922 10.064269584853221 114
1662375941232 10.064269584853221 115
1662375942497 10.064269584853221 116
1662375943712 10.064269584853221 117
1662375944961 10.064269584853221 118
1662375946266 10.099009900990099 119
1662375947551 10.099009900990099 120
1662375948831 10.099009900990099 121
1662375950119 10.081975939529437 122
1662375951413 10.04723562339256 123
1662375952653 10.04723562339256 124
1662375953966 10.04723562339256 125
1662375955216 10.081975939529437 126
1662375956501 10.081975939529437 127
1662375957813 10.081975939529437 128
1662375959075 10.081975939529437 129
1662375960338 10.081975939529437 130
1662375961572 10.081975939529437 131
1662375962835 10.081975939529437 132
1662375964128 10.081975939529437 133
1662375965405 10.081975939529437 134
1662375966694 10.081975939529437 135
1662375967993 10.081975939529437 136
1662375969279 10.081975939529437 137
1662375970549 10.081975939529437 138
1662375971839 10.081975939529437 139
1662375973134 10.081975939529437 140
1662375974413 10.04723562339256 141
1662375975686 10.04723562339256 142
1662375976970 10.04723562339256 143
1662375978222 10.04723562339256 144
1662375979506 10.03126628452319 145
1662375980736 10.03126628452319 146
1662375982025 10.0 147
1662375983274 9.984998499849985 148
1662375984520 9.984998499849985 149
1662375985787 9.956709956709956 150
1662375987063 9.956709956709956 151
1662375988335 9.956709956709956 152
1662375989641 9.971711456859971 153
1662375990933 9.971711456859971 154
1662375992224 9.987680795729343 155
1662375993499 9.987680795729343 156
1662375994802 9.987680795729343 157
1662375996066 9.987680795729343 158
1662375997367 9.987680795729343 159
1662375998609 9.971711456859971 160
1662375999869 9.971711456859971 161
1662376001113 9.971711456859971 162
1662376002420 9.971711456859971 163
1662376003722 9.971711456859971 164
1662376004982 9.971711456859971 165
1662376006228 9.971711456859971 166
1662376007486 10.0 167
1662376008764 10.03126628452319 168
1662376010043 10.03126628452319 169
1662376011318 10.03126628452319 170
1662376012645 10.03126628452319 171
1662376013946 10.066006600660067 172
1662376015254 10.066006600660067 173
1662376016554 10.051005100510052 174
1662376017804 10.089832512663031 175
1662376019084 10.051005100510052 176
1662376020354 10.051005100510052 177
1662376021638 10.051005100510052 178
1662376022928 10.051005100510052 179
1662376024230 10.066006600660067 180
1662376025535 10.104834012813047 181
1662376026861 10.104834012813047 182
1662376028164 10.104834012813047 183
1662376029436 10.120803351682417 184
1662376030700 10.104834012813047 185
1662376032014 10.104834012813047 186
1662376033320 10.089832512663031 187
1662376034593 10.089832512663031 188
1662376035852 10.133513351335132 189
1662376037147 10.133513351335132 190
1662376038422 10.133513351335132 191
1662376039700 10.133513351335132 192
1662376041002 10.133513351335132 193
1662376042256 10.119394292370414 194
1662376043496 10.119394292370414 195
1662376044783 10.04982851226299 196
1662376046039 10.04982851226299 197
1662376047310 10.011001100110011 198
1662376048603 10.011001100110011 199
1662376049847 10.023573785950022 200
1662376051151 10.023573785950022 201
1662376052456 9.988833469813146 202
1662376053684 10.002145725408454 203
1662376054966 9.970879440885264 204
1662376056247 9.970879440885264 205
1662376057516 9.970879440885264 206
1662376058761 9.970879440885264 207
1662376060027 9.942590897745236 208
1662376061276 9.970879440885264 209
1662376062537 9.970879440885264 210
1662376063821 9.970879440885264 211
1662376065113 10.002145725408454 212
1662376066371 10.002145725408454 213
1662376067669 10.016264784373174 214
1662376068925 10.03688604154533 215
1662376070227 10.089832512663031 216
1662376071486 10.051005100510052 217
1662376072727 10.066006600660067 218
1662376073996 10.104834012813047 219
1662376075266 10.104834012813047 220
1662376076586 10.104834012813047 221
1662376077895 10.089832512663031 222
1662376079164 10.051005100510052 223
1662376080454 10.03126628452319 224
1662376081720 10.03126628452319 225
1662376083010 10.03126628452319 226
1662376084287 10.0 227
1662376085545 10.0 228
1662376086809 9.987680795729343 229
1662376088133 9.987680795729343 230
1662376089406 9.956709956709956 231
1662376090675 9.984998499849985 232
1662376091951 9.984998499849985 233
1662376093236 9.984998499849985 234
1662376094468 9.282178217821782 235
1662376095744 9.282178217821782 236
1662376097017 9.282178217821782 237
1662376098256 9.282178217821782 238
1662376099573 9.282178217821782 239
1662376100822 9.282178217821782 240
1662376102090 9.306930693069306 241
1662376103350 9.306930693069306 242
1662376104584 10.099009900990099 243
1662376105846 10.099009900990099 244
1662376107120 10.099009900990099 245
1662376108400 10.117218618413565 246
1662376109690 10.117218618413565 247
1662376110911 10.117218618413565 248
1662376112208 10.117218618413565 249
1662376113515 10.117218618413565 250
1662376114774 10.051212017753498 251
1662376116028 10.08247830227669 252
1662376117290 10.08247830227669 253
1662376118574 10.08247830227669 254
1662376119888 10.08247830227669 255
1662376121129 10.08247830227669 256
1662376122406 10.08247830227669 257
1662376123696 10.08247830227669 258
1662376124959 10.08247830227669 259
1662376126192 10.10198764237326 260
1662376127445 10.10198764237326 261
1662376128721 10.10198764237326 262
1662376129946 10.156046030566545 263
1662376131179 10.081975939529437 264
1662376132445 10.120803351682417 265
1662376133709 10.081975939529437 266
1662376134960 10.081975939529437 267
1662376136241 10.081975939529437 268
1662376137526 10.081975939529437 269
1662376138797 10.04723562339256 270
1662376140065 9.29415522197381 271
1662376141340 9.29415522197381 272
1662376142620 9.29415522197381 273
1662376143849 9.29415522197381 274
1662376145155 9.29415522197381 275
1662376146456 9.29415522197381 276
1662376147731 9.29415522197381 277
1662376149017 9.29415522197381 278
1662376150303 9.29415522197381 279
1662376151576 9.29415522197381 280
1662376152890 9.282178217821782 281
1662376154113 10.03126628452319 282
1662376155394 10.03126628452319 283
1662376156670 10.066006600660067 284
1662376157948 9.945994599459945 285
1662376159210 9.93099309930993 286
1662376160503 9.93099309930993 287
1662376161760 9.903561784749904 288
1662376163062 9.903561784749904 289
1662376164334 9.903561784749904 290
1662376165634 9.903561784749904 291
1662376166888 9.450945094509452 292
1662376168173 9.450945094509452 293
1662376169464 9.450945094509452 294
1662376170766 9.504950495049505 295
1662376172074 9.504950495049505 296
1662376173341 9.504950495049505 297
1662376174599 9.504950495049505 298
1662376175945 9.504950495049505 299
1662376177192 9.536216779572694 300
1662376178490 9.476661951909476 301
1662376179789 9.476661951909476 302
1662376181037 9.536216779572694 303
1662376182273 9.536216779572694 304
1662376183547 9.536216779572694 305
1662376184811 9.536216779572694 306
1662376186081 9.964367702773123 307
1662376187391 9.953100573215217 308
1662376188659 9.987840889352093 309
1662376189933 9.987840889352093 310
1662376191181 9.987840889352093 311
1662376192442 9.987840889352093 312
1662376193745 9.987840889352093 313
1662376195032 10.08161626973508 314
1662376196347 10.08161626973508 315
1662376197610 10.08161626973508 316
1662376198848 10.08161626973508 317
1662376200147 10.070349140177175 318
1662376201426 10.026668301505072 319
1662376202704 10.026668301505072 320
1662376204009 10.037935431062978 321
1662376205270 9.99910801891 322
1662376206636 10.011001100110011 323
1662376207947 10.011001100110011 324
1662376209208 9.944994499449946 325
1662376210509 9.24092409240924 326
1662376211753 9.24092409240924 327
1662376213011 9.24092409240924 328
1662376214272 9.24092409240924 329
1662376215574 9.24092409240924 330
1662376216828 9.232004281509232 331
1662376218095 9.232004281509232 332
1662376219348 9.232004281509232 333
1662376220614 8.91089108910891 334
1662376221911 9.232004281509232 335
1662376223238 9.232004281509232 336
1662376224528 8.91089108910891 337
1662376225790 8.91089108910891 338
1662376227049 8.91089108910891 339
1662376228335 8.91089108910891 340
1662376229602 8.91089108910891 341
1662376230921 8.91089108910891 342
1662376232206 8.91089108910891 343
1662376233520 8.91089108910891 344
1662376234796 8.91089108910891 345
1662376236044 8.91089108910891 346
1662376237301 8.91089108910891 347
1662376238617 8.91089108910891 348
1662376239910 8.91089108910891 349
1662376241191 8.91089108910891 350
1662376242453 8.91089108910891 351
1662376243730 8.91089108910891 352
1662376244992 8.91089108910891 353
1662376246278 8.91089108910891 354
1662376247562 8.91089108910891 355
1662376248843 8.91089108910891 356
1662376250122 8.91089108910891 357
1662376251359 8.91089108910891 358
1662376252643 8.91089108910891 359
1662376253917 8.91089108910891 360
1662376255171 8.91089108910891 361
1662376256468 8.91089108910891 362
1662376257766 9.232004281509232 363
1662376259052 9.232004281509232 364
1662376260316 9.232004281509232 365
1662376261629 8.91089108910891 366
1662376262934 8.91089108910891 367
1662376264235 8.91089108910891 368
1662376265494 8.91089108910891 369
1662376266769 8.91089108910891 370
1662376268038 8.91089108910891 371
1662376269292 8.91089108910891 372
1662376270552 8.91089108910891 373
1662376271792 8.91089108910891 374
1662376273088 8.91089108910891 375
1662376274383 8.91089108910891 376
1662376275656 8.91089108910891 377
1662376276934 8.91089108910891 378
1662376278200 8.91089108910891 379
1662376279474 8.91089108910891 380
1662376280725 8.91089108910891 381
1662376282042 8.91089108910891 382
1662376283331 9.476661951909476 383
1662376284598 9.476661951909476 384
1662376285905 9.504950495049505 385
1662376287185 9.504950495049505 386
1662376288424 9.504950495049505 387
1662376289712 9.504950495049505 388
1662376291019 9.504950495049505 389
1662376292288 9.504950495049505 390
1662376293538 9.504950495049505 391
1662376294762 9.504950495049505 392
1662376296006 9.536216779572694 393
1662376297278 9.536216779572694 394
1662376298535 8.91089108910891 395
1662376299797 8.91089108910891 396
1662376301078 8.91089108910891 397
1662376302329 9.476661951909476 398
1662376303642 9.450945094509452 399
1662376304897 9.450945094509452 400
1662376306177 9.450945094509452 401
1662376307498 9.450945094509452 402
1662376308823 9.450945094509452 403
1662376310077 9.450945094509452 404
1662376311357 9.42746448557899 405
1662376312640 9.450945094509452 406
1662376313938 9.42746448557899 407
1662376315187 9.42746448557899 408
1662376316483 9.450945094509452 409
1662376317770 9.450945094509452 410
1662376319065 9.450945094509452 411
1662376320353 9.450945094509452 412
1662376321614 9.450945094509452 413
1662376322883 9.450945094509452 414
1662376324140 9.450945094509452 415
1662376325378 9.42746448557899 416
1662376326677 9.504950495049505 417
1662376327908 9.504950495049505 418
1662376329155 9.504950495049505 419
1662376330395 9.504950495049505 420
1662376331677 9.504950495049505 421
1662376332942 9.504950495049505 422
1662376334186 9.504950495049505 423
1662376335467 9.504950495049505 424
1662376336754 8.91089108910891 425
1662376338031 8.91089108910891 426
1662376339275 8.91089108910891 427
1662376340510 8.91089108910891 428
1662376341800 8.91089108910891 429
1662376343061 8.91089108910891 430
1662376344316 8.91089108910891 431
1662376345583 8.91089108910891 432
1662376346799 8.91089108910891 433
1662376348041 8.91089108910891 434
1662376349258 8.91089108910891 435
1662376350522 8.91089108910891 436
1662376351770 8.91089108910891 437
1662376353075 8.91089108910891 438
1662376354304 8.91089108910891 439
1662376355582 8.91089108910891 440
1662376356874 8.91089108910891 441
1662376358130 8.91089108910891 442
1662376359442 8.91089108910891 443
1662376360694 8.91089108910891 444
1662376361947 8.91089108910891 445
1662376363208 8.91089108910891 446
1662376364491 8.91089108910891 447
1662376365769 8.91089108910891 448
1662376367043 8.91089108910891 449
1662376368281 8.91089108910891 450
1662376369538 8.91089108910891 451
1662376370786 8.91089108910891 452
1662376372075 8.91089108910891 453
1662376373330 8.91089108910891 454
1662376374586 8.91089108910891 455
1662376375853 8.91089108910891 456
1662376377144 8.91089108910891 457
1662376378465 8.91089108910891 458
1662376379842 8.91089108910891 459
1662376381152 8.91089108910891 460
1662376382495 8.91089108910891 461
1662376383711 8.91089108910891 462
1662376384983 8.91089108910891 463
1662376386262 8.91089108910891 464
1662376387622 8.91089108910891 465
1662376388911 8.91089108910891 466
1662376390211 8.91089108910891 467
1662376391486 8.91089108910891 468
1662376392749 8.91089108910891 469
1662376394035 8.91089108910891 470
1662376395333 8.91089108910891 471
1662376396605 8.91089108910891 472
1662376397876 8.91089108910891 473
1662376399105 8.91089108910891 474
1662376400389 8.91089108910891 475
1662376401736 8.91089108910891 476
1662376403000 8.91089108910891 477
1662376404252 8.91089108910891 478
1662376405522 8.91089108910891 479
1662376406797 8.91089108910891 480
1662376408071 8.91089108910891 481
1662376409318 8.91089108910891 482
1662376410587 8.91089108910891 483
1662376411854 8.91089108910891 484
1662376413148 8.91089108910891 485
1662376414402 8.91089108910891 486
1662376415644 8.91089108910891 487
1662376416897 9.570957095709572 488
1662376418175 9.570957095709572 489
1662376419431 9.42746448557899 490
1662376420717 9.42746448557899 491
1662376421918 9.42746448557899 492
1662376423205 9.536216779572694 493
1662376424454 9.536216779572694 494
1662376425805 9.504950495049505 495
1662376427063 8.91089108910891 496
1662376428274 8.91089108910891 497
1662376429552 8.91089108910891 498
1662376430806 8.91089108910891 499
1662376432024 8.91089108910891 500
1662376433292 8.91089108910891 501
1662376434533 8.91089108910891 502
1662376435796 8.91089108910891 503
1662376437054 8.91089108910891 504
1662376438337 8.91089108910891 505
1662376439601 8.91089108910891 506
1662376440875 8.91089108910891 507
1662376442157 8.91089108910891 508
1662376443405 8.91089108910891 509
1662376444647 8.91089108910891 510
1662376445909 8.91089108910891 511
1662376447121 8.91089108910891 512
1662376448389 8.91089108910891 513
1662376449711 8.91089108910891 514
1662376450991 8.91089108910891 515
1662376452274 8.91089108910891 516
1662376453506 8.91089108910891 517
1662376454744 8.91089108910891 518
1662376456020 9.504950495049505 519
1662376457346 9.504950495049505 520
1662376458647 9.504950495049505 521
1662376459885 9.970879440885264 522
1662376461160 9.970879440885264 523
1662376462422 10.002145725408454 524
1662376463734 10.03126628452319 525
1662376465038 10.04723562339256 526
1662376466284 10.04723562339256 527
1662376467566 10.04723562339256 528
1662376468857 10.04723562339256 529
1662376470158 10.04723562339256 530
1662376471392 10.04723562339256 531
1662376472630 9.938483329398858 532
1662376473901 9.938483329398858 533
1662376475202 9.922513990529486 534
1662376476481 9.922513990529486 535
1662376477763 9.922513990529486 536
1662376479053 9.945994599459945 537
1662376480324 9.450945094509452 538
1662376481553 9.450945094509452 539
1662376482794 9.450945094509452 540
1662376484074 9.450945094509452 541
1662376485359 9.450945094509452 542
1662376486622 9.450945094509452 543
1662376487893 9.476661951909476 544
1662376489182 9.476661951909476 545
1662376490451 9.476661951909476 546
1662376491708 9.450945094509452 547
1662376492970 9.450945094509452 548
1662376494209 8.91089108910891 549
1662376495493 8.91089108910891 550
1662376496846 8.91089108910891 551
1662376498089 8.91089108910891 552
1662376499396 8.91089108910891 553
1662376500649 8.91089108910891 554
1662376501952 8.91089108910891 555
1662376503248 8.91089108910891 556
1662376504517 8.91089108910891 557
1662376505787 8.91089108910891 558
1662376507062 8.91089108910891 559
1662376508336 8.91089108910891 560
1662376509619 8.91089108910891 561
1662376510883 8.91089108910891 562
1662376512160 8.91089108910891 563
1662376513439 8.91089108910891 564
1662376514703 8.91089108910891 565
1662376515938 8.91089108910891 566
1662376517236 8.91089108910891 567
1662376518538 8.91089108910891 568
1662376519884 8.91089108910891 569
1662376521166 8.91089108910891 570
1662376522444 9.24092409240924 571
1662376523742 9.232004281509232 572
1662376525029 9.24092409240924 573
1662376526327 9.250353606789249 574
1662376527592 9.27092709270927 575
1662376528869 9.27092709270927 576
1662376530161 9.27092709270927 577
1662376531400 9.27092709270927 578
1662376532706 9.260337798485729 579
1662376534002 8.91089108910891 580
1662376535268 8.91089108910891 581
1662376536527 8.91089108910891 582
1662376537814 8.91089108910891 583
1662376539057 8.91089108910891 584
1662376540343 8.91089108910891 585
1662376541559 8.91089108910891 586
1662376542805 8.91089108910891 587
1662376544049 8.91089108910891 588
1662376545340 8.91089108910891 589
1662376546613 8.91089108910891 590
1662376547914 8.91089108910891 591
1662376549179 8.91089108910891 592
1662376550449 8.91089108910891 593
1662376551691 8.91089108910891 594
1662376552945 8.91089108910891 595
1662376554213 8.91089108910891 596
1662376555488 9.570957095709572 597
1662376556824 9.570957095709572 598
1662376558089 9.536216779572694 599
1662376559373 9.570957095709572 600
1662376560683 8.91089108910891 601
1662376561931 8.91089108910891 602
1662376563206 8.91089108910891 603
1662376564418 8.91089108910891 604
1662376565692 8.91089108910891 605
1662376566974 8.91089108910891 606
1662376568281 9.476661951909476 607
1662376569546 9.476661951909476 608
1662376570847 9.450945094509452 609
1662376572133 9.42746448557899 610
1662376573423 9.405940594059405 611
1662376574670 9.386138613861386 612
1662376575939 9.367859862909368 613
1662376577257 9.367859862909368 614
1662376578505 9.367859862909368 615
1662376579791 9.367859862909368 616
1662376581057 9.367859862909368 617
1662376582341 9.367859862909368 618
1662376583660 9.386138613861386 619
1662376584927 9.367859862909368 620
1662376586258 9.350935093509351 621
1662376587563 9.350935093509351 622
1662376588914 9.350935093509351 623
1662376590186 9.350935093509351 624
1662376591422 8.91089108910891 625
1662376592653 8.91089108910891 626
1662376593932 8.91089108910891 627
1662376595188 9.386138613861386 628
1662376596458 9.386138613861386 629
1662376597809 9.405940594059405 630
1662376599087 9.405940594059405 631
1662376600340 9.42746448557899 632
1662376601639 9.42746448557899 633
1662376602915 9.42746448557899 634
1662376604149 9.405940594059405 635
1662376605384 9.405940594059405 636
1662376606617 8.91089108910891 637
1662376607909 8.91089108910891 638
1662376609208 8.91089108910891 639
1662376610481 8.91089108910891 640
1662376611776 8.91089108910891 641
1662376613031 8.91089108910891 642
1662376614264 8.91089108910891 643
1662376615546 8.91089108910891 644
1662376616824 8.91089108910891 645
1662376618053 8.91089108910891 646
1662376619329 8.91089108910891 647
1662376620632 8.91089108910891 648
1662376621953 8.91089108910891 649
1662376623224 8.91089108910891 650
1662376624496 8.91089108910891 651
1662376625792 8.91089108910891 652
1662376627070 8.91089108910891 653
1662376628363 8.91089108910891 654
1662376629621 8.91089108910891 655
1662376630920 8.91089108910891 656
1662376632174 8.91089108910891 657
1662376633460 8.91089108910891 658
1662376634726 8.91089108910891 659
1662376635997 8.91089108910891 660
1662376637251 8.91089108910891 661
1662376638532 8.91089108910891 662
1662376639833 8.91089108910891 663
1662376641116 8.91089108910891 664
1662376642393 8.91089108910891 665
1662376643713 8.91089108910891 666
1662376644975 8.91089108910891 667
1662376646242 8.91089108910891 668
1662376647502 8.91089108910891 669
1662376648787 8.91089108910891 670
1662376650093 8.91089108910891 671
1662376651321 8.91089108910891 672
1662376652597 8.91089108910891 673
1662376653922 8.91089108910891 674
1662376655123 8.91089108910891 675
1662376656380 8.91089108910891 676
1662376657690 8.91089108910891 677
1662376659001 8.91089108910891 678
1662376660234 8.91089108910891 679
1662376661495 8.91089108910891 680
1662376662791 8.91089108910891 681
1662376664066 9.386138613861386 682
1662376665304 9.42746448557899 683
1662376666577 8.91089108910891 684
1662376667845 8.91089108910891 685
1662376669099 8.91089108910891 686
1662376670362 8.91089108910891 687
1662376671609 8.91089108910891 688
1662376672914 8.91089108910891 689
1662376674201 8.91089108910891 690
1662376675442 8.91089108910891 691
1662376676730 8.91089108910891 692
1662376677967 8.91089108910891 693
1662376679220 8.91089108910891 694
1662376680455 8.91089108910891 695
1662376681680 8.91089108910891 696
1662376682960 8.91089108910891 697
1662376684224 8.91089108910891 698
1662376685449 8.91089108910891 699
1662376686694 8.91089108910891 700
1662376687928 8.91089108910891 701
1662376689173 8.91089108910891 702
1662376690427 8.91089108910891 703
1662376691715 8.91089108910891 704
1662376693037 8.91089108910891 705
1662376694301 8.91089108910891 706
1662376695569 9.386138613861386 707
1662376696814 9.386138613861386 708
1662376698099 8.91089108910891 709
1662376699369 10.23102310231023 710
1662376700650 10.396039603960396 711
1662376701895 10.396039603960396 712
1662376703150 10.23102310231023 713
1662376704434 10.23102310231023 714
1662376705792 10.099009900990099 715
1662376707064 8.91089108910891 716
1662376708311 8.91089108910891 717
1662376709594 8.91089108910891 718
1662376710879 8.91089108910891 719
1662376712170 8.91089108910891 720
1662376713457 8.91089108910891 721
1662376714733 8.91089108910891 722
1662376716014 8.91089108910891 723
1662376717288 9.250353606789249 724
1662376718524 9.250353606789249 725
1662376719802 9.250353606789249 726
1662376721095 9.260337798485729 727
1662376722372 9.260337798485729 728
1662376723669 9.260337798485729 729
1662376724913 9.260337798485729 730
1662376726170 9.282178217821782 731
1662376727436 9.282178217821782 732
1662376728724 8.91089108910891 733
1662376729995 8.91089108910891 734
1662376731283 8.91089108910891 735
1662376732524 8.91089108910891 736
1662376733790 8.91089108910891 737
1662376735005 8.91089108910891 738
1662376736280 8.91089108910891 739
1662376737514 8.91089108910891 740
1662376738785 8.91089108910891 741
1662376740046 8.91089108910891 742
1662376741319 8.91089108910891 743
1662376742586 8.91089108910891 744
1662376743859 8.91089108910891 745
1662376745096 8.91089108910891 746
1662376746321 8.91089108910891 747
1662376747593 8.91089108910891 748
1662376748862 8.91089108910891 749
1662376750118 8.91089108910891 750
1662376751416 8.91089108910891 751
1662376752673 8.91089108910891 752
1662376753937 8.91089108910891 753
1662376755235 8.91089108910891 754
1662376756509 9.367859862909368 755
1662376757743 9.386138613861386 756
1662376759033 9.386138613861386 757
1662376760288 9.367859862909368 758
1662376761602 8.91089108910891 759
1662376762862 8.91089108910891 760
1662376764117 8.91089108910891 761
1662376765393 8.91089108910891 762
1662376766756 8.91089108910891 763
1662376768002 8.91089108910891 764
1662376769255 8.91089108910891 765
1662376770546 8.91089108910891 766
1662376771833 8.91089108910891 767
1662376773062 8.91089108910891 768
1662376774325 8.91089108910891 769
1662376775583 8.91089108910891 770
1662376776851 11.11111111111111 771
1662376778120 11.11111111111111 772
1662376779376 11.11111111111111 773
1662376780587 11.11111111111111 774
1662376781823 11.16288099398175 775
1662376783072 11.11111111111111 776
1662376784321 11.064790689595274 777
1662376785583 11.16288099398175 778
1662376786864 11.089108910891088 779
1662376788108 11.089108910891088 780
1662376789409 11.089108910891088 781
1662376790677 10.099009900990099 782
1662376791936 10.099009900990099 783
1662376793226 10.787774429616874 784
1662376794532 8.91089108910891 785
1662376795827 8.91089108910891 786
1662376797096 8.91089108910891 787
1662376798357 8.91089108910891 788
1662376799651 8.91089108910891 789
1662376800920 8.91089108910891 790
1662376802191 9.282178217821782 791
1662376803466 9.29415522197381 792
1662376804733 9.306930693069306 793
1662376805996 9.966996699669966 794
1662376807223 9.966996699669966 795
1662376808445 10.003414134516898 796
1662376809700 9.966996699669966 797
1662376810969 9.966996699669966 798
1662376811729 9.966996699669966 798
