1662375794591 11.899832840426901 0
1662375795794 11.899832840426901 1
1662375797173 11.899832840426901 2
1662375798427 11.899832840426901 3
1662375799689 11.899832840426901 4
1662375800905 11.899832840426901 5
1662375802143 11.899832840426901 6
1662375803413 11.899832840426901 7
1662375804683 11.899832840426901 8
1662375805932 11.899832840426901 9
1662375807180 11.899832840426901 10
1662375808425 11.899832840426901 11
1662375809682 11.899832840426901 12
1662375810970 11.899832840426901 13
1662375812190 11.899832840426901 14
1662375813414 11.899832840426901 15
1662375814669 11.899832840426901 16
1662375815898 11.899832840426901 17
1662375817203 11.899832840426901 18
1662375818473 11.899832840426901 19
1662375819739 11.899832840426901 20
1662375821054 11.899832840426901 21
1662375822340 11.899832840426901 22
1662375823581 11.899832840426901 23
1662375824818 11.899832840426901 24
1662375826081 11.899832840426901 25
1662375827286 11.899832840426901 26
1662375828569 11.899832840426901 27
1662375829828 11.899832840426901 28
1662375831081 11.899832840426901 29
1662375832350 11.899832840426901 30
1662375833626 11.899832840426901 31
1662375834874 11.899832840426901 32
1662375836146 11.899832840426901 33
1662375837390 11.899832840426901 34
1662375838651 11.899832840426901 35
1662375839908 11.899832840426901 36
1662375841164 11.899832840426901 37
1662375842446 11.899832840426901 38
1662375843713 11.899832840426901 39
1662375845029 11.899832840426901 40
1662375846321 11.899832840426901 41
1662375847611 11.899832840426901 42
1662375848891 11.899832840426901 43
1662375850129 11.899832840426901 44
1662375851430 11.899832840426901 45
1662375852690 11.899832840426901 46
1662375853945 11.899832840426901 47
1662375855205 11.899832840426901 48
1662375856471 11.899832840426901 49
1662375857745 11.899832840426901 50
1662375859031 11.899832840426901 51
1662375860324 11.899832840426901 52
1662375861668 11.899832840426901 53
1662375862941 11.899832840426901 54
1662375864198 11.899832840426901 55
1662375865493 11.899832840426901 56
1662375866765 11.899832840426901 57
1662375868076 11.899832840426901 58
1662375869315 11.899832840426901 59
1662375870608 11.899832840426901 60
1662375871920 11.899832840426901 61
1662375873300 11.899832840426901 62
1662375874571 11.899832840426901 63
1662375875824 12.512751275127512 64
1662375877103 12.512751275127512 65
1662375878344 12.512751275127512 66
1662375879618 12.512751275127512 67
1662375880910 12.512751275127512 68
1662375882174 12.512751275127512 69
1662375883465 12.512751275127512 70
1662375884733 12.512751275127512 71
1662375885966 12.512751275127512 72
1662375887244 12.512751275127512 73
1662375888503 12.512751275127512 74
1662375889773 12.512751275127512 75
1662375891059 12.512751275127512 76
1662375892312 12.512751275127512 77
1662375893557 12.512751275127512 78
1662375894840 12.512751275127512 79
1662375896091 12.512751275127512 80
1662375897444 12.512751275127512 81
1662375898744 12.512751275127512 82
1662375899994 12.512751275127512 83
1662375901300 12.512751275127512 84
1662375902580 12.512751275127512 85
1662375903856 12.512751275127512 86
1662375905125 12.512751275127512 87
1662375906416 12.512751275127512 88
1662375907675 12.512751275127512 89
1662375908948 12.512751275127512 90
1662375910217 12.512751275127512 91
1662375911510 12.512751275127512 92
1662375912777 12.512751275127512 93
1662375914056 12.512751275127512 94
1662375915344 12.512751275127512 95
1662375916624 12.512751275127512 96
1662375917925 12.512751275127512 97
1662375919227 12.512751275127512 98
1662375920529 12.512751275127512 99
1662375921827 12.512751275127512 100
1662375923108 12.512751275127512 101
1662375924374 13.370837083708373 102
1662375925725 13.370837083708373 103
1662375927015 13.370837083708373 104
1662375928328 13.537353735373536 105
1662375929641 13.537353735373536 106
1662375930926 13.537353735373536 107
1662375932273 13.537353735373536 108
1662375933557 13.537353735373536 109
1662375934819 13.537353735373536 110
1662375936102 13.537353735373536 111
1662375937396 13.537353735373536 112
1662375938655 13.537353735373536 113
1662375939924 13.717371737173718 114
1662375941234 13.717371737173718 115
1662375942499 12.85928592859286 116
1662375943714 12.85928592859286 117
1662375944963 12.85928592859286 118
1662375946267 13.080308030803083 119
1662375947553 13.080308030803083 120
1662375948833 13.080308030803083 121
1662375950121 13.080308030803083 122
1662375951415 12.85928592859286 123
1662375952655 12.85928592859286 124
1662375953968 12.85928592859286 125
1662375955218 13.080308030803083 126
1662375956502 13.080308030803083 127
1662375957815 13.080308030803083 128
1662375959077 13.080308030803083 129
1662375960340 13.080308030803083 130
1662375961574 13.080308030803083 131
1662375962837 13.080308030803083 132
1662375964130 13.080308030803083 133
1662375965407 13.080308030803083 134
1662375966696 13.080308030803083 135
1662375967994 13.080308030803083 136
1662375969281 13.080308030803083 137
1662375970551 13.080308030803083 138
1662375971841 13.080308030803083 139
1662375973136 13.080308030803083 140
1662375974415 12.85928592859286 141
1662375975688 13.717371737173718 142
1662375976972 13.717371737173718 143
1662375978224 13.717371737173718 144
1662375979508 13.717371737173718 145
1662375980738 13.717371737173718 146
1662375982027 13.535853585358538 147
1662375983276 13.535853585358538 148
1662375984521 13.535853585358538 149
1662375985789 13.384107641533385 150
1662375987064 13.384107641533385 151
1662375988337 13.384107641533385 152
1662375989643 13.384107641533385 153
1662375990935 13.384107641533385 154
1662375992226 13.384107641533385 155
1662375993501 13.384107641533385 156
1662375994804 13.384107641533385 157
1662375996068 13.384107641533385 158
1662375997369 13.384107641533385 159
1662375998611 13.384107641533385 160
1662375999871 13.384107641533385 161
1662376001115 13.384107641533385 162
1662376002422 13.384107641533385 163
1662376003724 13.384107641533385 164
1662376004984 13.384107641533385 165
1662376006230 13.384107641533385 166
1662376007487 13.535853585358538 167
1662376008766 13.535853585358538 168
1662376010045 13.535853585358538 169
1662376011320 13.535853585358538 170
1662376012647 13.535853585358538 171
1662376013948 13.717371737173718 172
1662376015256 13.717371737173718 173
1662376016555 13.717371737173718 174
1662376017806 13.717371737173718 175
1662376019086 13.535853585358538 176
1662376020356 13.535853585358538 177
1662376021639 13.42034203420342 178
1662376022931 13.42034203420342 179
1662376024232 13.42034203420342 180
1662376025537 13.609360936093612 181
1662376026863 13.609360936093612 182
1662376028166 13.609360936093612 183
1662376029438 13.609360936093612 184
1662376030702 13.609360936093612 185
1662376032016 13.609360936093612 186
1662376033322 13.255754146843257 187
1662376034595 13.255754146843257 188
1662376035853 13.548640578343546 189
1662376037149 13.548640578343546 190
1662376038424 13.548640578343546 191
1662376039702 13.548640578343546 192
1662376041004 13.548640578343546 193
1662376042257 13.548640578343546 194
1662376043498 13.83938393839384 195
1662376044785 13.609360936093612 196
1662376046041 13.609360936093612 197
1662376047312 13.42034203420342 198
1662376048605 13.42034203420342 199
1662376049849 13.42034203420342 200
1662376051153 13.42034203420342 201
1662376052458 12.526021832952525 202
1662376053686 13.262249301853263 203
1662376054968 13.128060058753126 204
1662376056249 13.128060058753126 205
1662376057518 13.128060058753126 206
1662376058763 13.128060058753126 207
1662376060029 13.012729844413013 208
1662376061278 13.128060058753126 209
1662376062539 13.128060058753126 210
1662376063823 13.128060058753126 211
1662376065115 13.262249301853263 212
1662376066373 13.262249301853263 213
1662376067671 13.262249301853263 214
1662376068926 13.42034203420342 215
1662376070229 13.609360936093612 216
1662376071488 13.42034203420342 217
1662376072729 13.42034203420342 218
1662376073998 13.609360936093612 219
1662376075268 13.609360936093612 220
1662376076588 13.609360936093612 221
1662376077897 13.609360936093612 222
1662376079166 13.42034203420342 223
1662376080456 13.262249301853263 224
1662376081721 13.262249301853263 225
1662376083012 13.262249301853263 226
1662376084289 13.128060058753126 227
1662376085547 13.128060058753126 228
1662376086811 13.012729844413013 229
1662376088135 12.286657237152285 230
1662376089408 12.286657237152285 231
1662376090677 12.397272694302398 232
1662376091953 12.397272694302398 233
1662376093238 13.255358502883254 234
1662376094470 13.113915787183112 235
1662376095746 13.113915787183112 236
1662376097019 13.113915787183112 237
1662376098257 13.113915787183112 238
1662376099575 13.113915787183112 239
1662376100824 13.113915787183112 240
1662376102092 13.113915787183112 241
1662376103352 13.231784716933232 242
1662376104586 13.535853585358538 243
1662376105849 13.535853585358538 244
1662376107122 13.535853585358538 245
1662376108402 13.535853585358538 246
1662376109692 13.535853585358538 247
1662376110912 13.535853585358538 248
1662376112210 13.535853585358538 249
1662376113517 12.677767776777676 250
1662376114776 12.397272694302398 251
1662376116030 12.526021832952525 252
1662376117292 12.526021832952525 253
1662376118576 12.526021832952525 254
1662376119889 12.526021832952525 255
1662376121131 12.526021832952525 256
1662376122408 13.262249301853263 257
1662376123698 13.262249301853263 258
1662376124961 12.526021832952525 259
1662376126194 12.526021832952525 260
1662376127447 12.526021832952525 261
1662376128723 13.384107641533385 262
1662376129948 13.717371737173718 263
1662376131180 13.535853585358538 264
1662376132447 13.717371737173718 265
1662376133711 13.535853585358538 266
1662376134962 13.535853585358538 267
1662376136243 13.535853585358538 268
1662376137527 13.535853585358538 269
1662376138799 13.384107641533385 270
1662376140067 13.231784716933232 271
1662376141342 13.231784716933232 272
1662376142622 13.113915787183112 273
1662376143850 13.012729844413014 274
1662376145157 13.012729844413014 275
1662376146458 13.113915787183112 276
1662376147734 13.113915787183112 277
1662376149019 13.113915787183112 278
1662376150305 13.231784716933232 279
1662376151578 13.231784716933232 280
1662376152892 13.231784716933232 281
1662376154115 13.535853585358538 282
1662376155396 13.535853585358538 283
1662376156672 13.535853585358538 284
1662376157949 13.255358502883254 285
1662376159212 12.397272694302398 286
1662376160505 12.397272694302398 287
1662376161762 12.397272694302398 288
1662376163064 12.397272694302398 289
1662376164336 12.397272694302398 290
1662376165636 12.397272694302398 291
1662376166890 12.397272694302398 292
1662376168175 12.397272694302398 293
1662376169466 12.397272694302398 294
1662376170768 12.677767776777676 295
1662376172076 12.677767776777676 296
1662376173343 12.677767776777676 297
1662376174602 12.677767776777676 298
1662376175948 12.347734773477349 299
1662376177193 12.493249324932492 300
1662376178492 12.195988829652196 301
1662376179791 12.195988829652196 302
1662376181039 12.493249324932492 303
1662376182275 13.158030088723157 304
1662376183549 13.158030088723157 305
1662376184813 13.158030088723157 306
1662376186083 13.158030088723157 307
1662376187393 13.158030088723157 308
1662376188661 13.194033689083193 309
1662376189935 13.194033689083193 310
1662376191183 13.158030088723157 311
1662376192444 13.158030088723157 312
1662376193747 13.158030088723157 313
1662376195034 12.767562470532765 314
1662376196349 12.767562470532765 315
1662376197612 12.767562470532765 316
1662376198850 12.767562470532765 317
1662376200149 12.767562470532765 318
1662376201428 12.493249324932492 319
1662376202706 12.493249324932492 320
1662376204011 12.493249324932492 321
1662376205272 12.31773177317732 322
1662376206638 12.31773177317732 323
1662376207949 12.31773177317732 324
1662376209209 12.17060167555217 325
1662376210511 12.01827875095202 326
1662376211755 12.01827875095202 327
1662376213013 12.01827875095202 328
1662376214274 12.01827875095202 329
1662376215576 12.01827875095202 330
1662376216830 12.01827875095202 331
1662376218097 13.206397562833205 332
1662376219349 13.206397562833205 333
1662376220616 12.01827875095202 334
1662376221913 12.01827875095202 335
1662376223240 12.01827875095202 336
1662376224530 12.01827875095202 337
1662376225791 12.01827875095202 338
1662376227050 12.01827875095202 339
1662376228337 12.01827875095202 340
1662376229604 12.01827875095202 341
1662376230923 12.01827875095202 342
1662376232208 12.01827875095202 343
1662376233522 12.01827875095202 344
1662376234798 12.01827875095202 345
1662376236045 11.904036557501904 346
1662376237303 11.805752003771804 347
1662376238619 11.824611032531823 348
1662376239912 11.824611032531823 349
1662376241193 11.824611032531823 350
1662376242455 12.527109853842525 351
1662376243732 12.527109853842525 352
1662376244994 12.527109853842525 353
1662376246280 12.527109853842525 354
1662376247564 12.527109853842525 355
1662376248844 12.527109853842525 356
1662376250124 12.435172088637437 357
1662376251360 12.435172088637437 358
1662376252644 12.435172088637437 359
1662376253919 12.435172088637437 360
1662376255173 12.435172088637437 361
1662376256470 12.435172088637437 362
1662376257767 12.435172088637437 363
1662376259054 12.435172088637437 364
1662376260318 12.435172088637437 365
1662376261631 12.527109853842525 366
1662376262936 12.527109853842525 367
1662376264237 12.527109853842525 368
1662376265496 12.435172088637437 369
1662376266770 12.435172088637437 370
1662376268040 12.435172088637437 371
1662376269293 12.435172088637437 372
1662376270554 12.435172088637437 373
1662376271794 12.435172088637437 374
1662376273090 12.435172088637437 375
1662376274385 12.435172088637437 376
1662376275658 12.435172088637437 377
1662376276936 12.435172088637437 378
1662376278202 12.527109853842525 379
1662376279476 12.527109853842525 380
1662376280727 12.527109853842525 381
1662376282044 12.633010553802634 382
1662376283333 12.774453269502771 383
1662376284600 12.774453269502771 384
1662376285907 12.908642512602908 385
1662376287186 12.908642512602908 386
1662376288425 12.908642512602908 387
1662376289714 12.908642512602908 388
1662376291021 12.908642512602908 389
1662376292290 12.908642512602908 390
1662376293540 12.883255358502884 391
1662376294764 12.883255358502884 392
1662376296007 12.883255358502884 393
1662376297280 12.883255358502884 394
1662376298537 12.73093243390273 395
1662376299798 12.73093243390273 396
1662376301080 12.73093243390273 397
1662376302331 12.75269285170275 398
1662376303644 12.640264026402637 399
1662376304898 12.640264026402637 400
1662376306179 11.937765205091935 401
1662376307500 12.640264026402637 402
1662376308825 12.640264026402637 403
1662376310078 12.659123055162658 404
1662376311359 12.55893446487506 405
1662376312642 12.659123055162658 406
1662376313940 12.542432814710041 407
1662376315189 12.542432814710041 408
1662376316485 12.640264026402637 409
1662376317772 12.640264026402637 410
1662376319067 12.640264026402637 411
1662376320355 12.640264026402637 412
1662376321616 12.993870815652993 413
1662376322885 13.012729844413013 414
1662376324142 13.012729844413013 415
1662376325380 12.912541254125411 416
1662376326678 13.128060058753126 417
1662376327910 13.106299640953106 418
1662376329156 13.106299640953106 419
1662376330396 13.106299640953106 420
1662376331679 12.75269285170275 421
1662376332944 12.75269285170275 422
1662376334188 12.75269285170275 423
1662376335469 12.75269285170275 424
1662376336756 12.61125013600261 425
1662376338032 12.61125013600261 426
1662376339277 11.925796975301925 427
1662376340511 12.255829978602256 428
1662376341802 12.255829978602256 429
1662376343063 12.066831683168317 430
1662376344318 11.989904872840224 431
1662376345585 12.066831683168317 432
1662376346801 12.066831683168317 433
1662376348043 11.736798679867984 434
1662376349259 11.659871869539895 435
1662376350523 11.736798679867984 436
1662376351771 11.824611032531823 437
1662376353077 11.824611032531823 438
1662376354305 11.824611032531823 439
1662376355584 11.824611032531823 440
1662376356876 11.824611032531823 441
1662376358132 11.824611032531823 442
1662376359444 11.824611032531823 443
1662376360696 11.736798679867984 444
1662376361949 11.736798679867984 445
1662376363209 11.736798679867984 446
1662376364493 11.736798679867984 447
1662376365771 11.736798679867984 448
1662376367045 11.736798679867984 449
1662376368283 11.824611032531823 450
1662376369540 12.2017916077322 451
1662376370788 12.2017916077322 452
1662376372077 12.2017916077322 453
1662376373332 12.2017916077322 454
1662376374588 12.2017916077322 455
1662376375855 12.2017916077322 456
1662376377146 13.38991041961339 457
1662376378467 13.38991041961339 458
1662376379843 13.38991041961339 459
1662376381154 13.38991041961339 460
1662376382497 13.38991041961339 461
1662376383713 13.469335944583468 462
1662376384985 13.469335944583468 463
1662376386264 13.469335944583468 464
1662376387624 12.210495774852209 465
1662376388913 11.927610343451928 466
1662376390213 12.281217132702281 467
1662376391488 12.281217132702281 468
1662376392751 12.281217132702281 469
1662376394037 13.469335944583468 470
1662376395335 13.469335944583468 471
1662376396607 13.469335944583468 472
1662376397878 12.281217132702281 473
1662376399107 12.23996300728974 474
1662376400391 12.217002566449276 475
1662376401738 12.23996300728974 476
1662376403002 12.23996300728974 477
1662376404254 12.281217132702281 478
1662376405524 13.561817720233563 479
1662376406798 13.561817720233563 480
1662376408073 13.561817720233563 481
1662376409319 13.561817720233563 482
1662376410589 13.561817720233563 483
1662376411856 13.13023610053313 484
1662376413150 13.13023610053313 485
1662376414404 13.231784716933232 486
1662376415646 13.13023610053313 487
1662376416899 13.415841584158416 488
1662376418177 13.415841584158416 489
1662376419433 13.0486798679868 490
1662376420719 13.06930693069307 491
1662376421920 13.06930693069307 492
1662376423207 13.415841584158416 493
1662376424456 13.415841584158416 494
1662376425807 13.282559025133283 495
1662376427065 13.250825082508252 496
1662376428276 13.206397562833205 497
1662376429554 13.206397562833205 498
1662376430807 13.206397562833205 499
1662376432026 13.206397562833205 500
1662376433294 13.231784716933232 501
1662376434535 13.231784716933232 502
1662376435798 13.113915787183112 503
1662376437057 13.113915787183112 504
1662376438339 13.113915787183112 505
1662376439603 13.012729844413014 506
1662376440877 13.012729844413014 507
1662376442159 13.012729844413014 508
1662376443406 11.305987741631304 509
1662376444649 11.268269684111267 510
1662376445911 10.779702970297029 511
1662376447122 10.31061929722384 512
1662376448391 10.31061929722384 513
1662376449713 12.0503300330033 514
1662376450993 11.736798679867984 515
1662376452276 11.824611032531823 516
1662376453508 11.824611032531823 517
1662376454746 11.925796975301925 518
1662376456022 12.067239691002067 519
1662376457348 11.84963551300185 520
1662376458650 11.84963551300185 521
1662376459886 11.84963551300185 522
1662376461162 11.84963551300185 523
1662376462424 12.195988829652196 524
1662376463736 12.195988829652196 525
1662376465040 12.195988829652196 526
1662376466286 12.195988829652196 527
1662376467568 12.195988829652196 528
1662376468859 12.195988829652196 529
1662376470160 12.195988829652196 530
1662376471394 12.195988829652196 531
1662376472632 11.86056105610561 532
1662376473903 11.86056105610561 533
1662376475204 12.256600660066006 534
1662376476482 12.32260726072607 535
1662376477765 12.270102010201022 536
1662376479055 12.404526166902402 537
1662376480326 11.937765205091935 538
1662376481555 12.286657237152285 539
1662376482796 12.286657237152285 540
1662376484075 12.286657237152285 541
1662376485361 12.286657237152285 542
1662376486624 12.286657237152285 543
1662376487895 12.286657237152285 544
1662376489184 12.286657237152285 545
1662376490452 12.286657237152285 546
1662376491709 12.19059405940594 547
1662376492972 12.19059405940594 548
1662376494211 12.788778877887788 549
1662376495495 12.788778877887788 550
1662376496848 12.788778877887788 551
1662376498091 12.788778877887788 552
1662376499398 12.788778877887788 553
1662376500651 12.788778877887788 554
1662376501954 12.788778877887788 555
1662376503250 12.066831683168317 556
1662376504519 12.066831683168317 557
1662376505789 12.154644035832154 558
1662376507064 12.154644035832154 559
1662376508338 12.154644035832154 560
1662376509621 12.154644035832154 561
1662376510885 12.154644035832154 562
1662376512162 12.154644035832154 563
1662376513441 12.154644035832154 564
1662376514705 12.154644035832154 565
1662376515939 12.154644035832154 566
1662376517238 12.154644035832154 567
1662376518540 12.154644035832154 568
1662376519885 12.154644035832154 569
1662376521168 12.154644035832154 570
1662376522446 12.154644035832154 571
1662376523743 12.154644035832154 572
1662376525031 12.154644035832154 573
1662376526329 12.135785007072137 574
1662376527594 12.135785007072137 575
1662376528870 12.135785007072137 576
1662376530163 12.135785007072137 577
1662376531401 12.135785007072137 578
1662376532708 12.135785007072137 579
1662376534003 12.234069560802233 580
1662376535270 12.234069560802233 581
1662376536528 12.348311754252347 582
1662376537816 12.482748274827484 583
1662376539058 12.512751275127512 584
1662376540345 12.512751275127512 585
1662376541561 12.512751275127512 586
1662376542807 12.512751275127512 587
1662376544051 12.255829978602256 588
1662376545341 12.255829978602256 589
1662376546614 12.373698908352374 590
1662376547916 12.512751275127512 591
1662376549181 12.512751275127512 592
1662376550451 12.512751275127512 593
1662376551693 12.512751275127512 594
1662376552947 12.512751275127512 595
1662376554215 12.512751275127512 596
1662376555490 12.677767776777676 597
1662376556826 13.42034203420342 598
1662376558092 13.262249301853263 599
1662376559375 13.42034203420342 600
1662376560685 13.255325532553256 601
1662376561933 13.255325532553256 602
1662376563208 13.255325532553256 603
1662376564419 13.255325532553256 604
1662376565694 13.255325532553256 605
1662376566975 13.255325532553256 606
1662376568283 13.128060058753126 607
1662376569548 13.128060058753126 608
1662376570849 13.012729844413013 609
1662376572135 13.012729844413013 610
1662376573425 12.912541254125411 611
1662376574672 12.912541254125411 612
1662376575941 12.912541254125411 613
1662376577259 12.912541254125411 614
1662376578507 12.912541254125411 615
1662376579793 12.912541254125411 616
1662376581059 11.464521452145215 617
1662376582342 11.464521452145215 618
1662376583662 11.555869872701555 619
1662376584929 11.464521452145215 620
1662376586260 12.106387109299165 621
1662376587565 12.106387109299165 622
1662376588916 12.106387109299165 623
1662376590188 12.824694234129295 624
1662376591424 12.788778877887788 625
1662376592654 12.788778877887788 626
1662376593934 12.708211997670354 627
1662376595190 12.824694234129295 628
1662376596460 12.824694234129295 629
1662376597811 12.19059405940594 630
1662376599089 12.19059405940594 631
1662376600342 12.286657237152285 632
1662376601641 12.286657237152285 633
1662376602917 12.286657237152285 634
1662376604151 12.19059405940594 635
1662376605385 12.19059405940594 636
1662376606619 12.066831683168317 637
1662376607911 12.0503300330033 638
1662376609210 12.0503300330033 639
1662376610483 12.0503300330033 640
1662376611778 12.0503300330033 641
1662376613033 11.975344593282857 642
1662376614266 11.975344593282857 643
1662376615547 11.975344593282857 644
1662376616826 11.989904872840224 645
1662376618055 11.989904872840224 646
1662376619330 11.989904872840224 647
1662376620634 11.989904872840224 648
1662376621955 11.989904872840224 649
1662376623226 11.989904872840224 650
1662376624497 11.989904872840224 651
1662376625795 11.989904872840224 652
1662376627072 11.989904872840224 653
1662376628365 11.989904872840224 654
1662376629622 11.975344593282857 655
1662376630922 11.975344593282857 656
1662376632176 11.92195690157251 657
1662376633462 11.989904872840224 658
1662376634728 11.989904872840224 659
1662376635998 11.989904872840224 660
1662376637253 12.788778877887788 661
1662376638534 12.788778877887788 662
1662376639835 12.788778877887788 663
1662376641118 12.066831683168317 664
1662376642395 12.066831683168317 665
1662376643715 12.154644035832154 666
1662376644977 12.066831683168317 667
1662376646244 12.066831683168317 668
1662376647504 12.135785007072137 669
1662376648789 12.135785007072137 670
1662376650095 12.234069560802233 671
1662376651322 12.234069560802233 672
1662376652599 12.234069560802233 673
1662376653923 12.255829978602256 674
1662376655124 12.255829978602256 675
1662376656382 12.255829978602256 676
1662376657692 12.255829978602256 677
1662376659003 12.255829978602256 678
1662376660235 12.255829978602256 679
1662376661497 12.255829978602256 680
1662376662792 12.373698908352374 681
1662376664068 12.106387109299165 682
1662376665306 12.286657237152285 683
1662376666579 12.154644035832154 684
1662376667847 12.154644035832154 685
1662376669101 12.154644035832154 686
1662376670364 12.066831683168317 687
1662376671611 12.993870815652993 688
1662376672916 12.993870815652993 689
1662376674202 13.070394951583072 690
1662376675443 13.070394951583072 691
1662376676732 13.070394951583072 692
1662376677969 13.012729844413014 693
1662376679221 13.012729844413014 694
1662376680457 12.154644035832154 695
1662376681682 12.154644035832154 696
1662376682962 12.154644035832154 697
1662376684226 12.154644035832154 698
1662376685451 12.154644035832154 699
1662376686696 12.154644035832154 700
1662376687930 12.154644035832154 701
1662376689175 12.154644035832154 702
1662376690429 12.154644035832154 703
1662376691718 12.88071664309288 704
1662376693039 12.88071664309288 705
1662376694302 12.066831683168317 706
1662376695571 12.19059405940594 707
1662376696816 12.19059405940594 708
1662376698101 10.825082508250826 709
1662376699371 11.155115511551156 710
1662376700652 11.749174917491748 711
1662376701896 11.780441202014936 712
1662376703152 11.780441202014936 713
1662376704436 11.456198251404087 714
1662376705794 11.511033456286805 715
1662376707065 10.825082508250826 716
1662376708313 10.790342192113949 717
1662376709596 10.946673614729892 718
1662376710881 11.65885009553587 719
1662376712172 11.65885009553587 720
1662376713459 11.786231254704418 721
1662376714735 11.450408198714607 722
1662376716016 12.482748274827484 723
1662376717290 12.482748274827484 724
1662376718525 12.512751275127512 725
1662376719804 11.450408198714607 726
1662376721097 11.705170517051707 727
1662376722374 11.705170517051707 728
1662376723671 11.705170517051707 729
1662376724915 11.705170517051707 730
1662376726172 11.705170517051707 731
1662376727438 11.705170517051707 732
1662376728726 11.705170517051707 733
1662376729997 11.705170517051707 734
1662376731285 11.65885009553587 735
1662376732526 11.65885009553587 736
1662376733791 11.648428000694805 737
1662376735007 11.648428000694805 738
1662376736281 11.648428000694805 739
1662376737515 11.450408198714607 740
1662376738787 12.482748274827484 741
1662376740048 12.482748274827484 742
1662376741320 11.74017401740174 743
1662376742588 11.74017401740174 744
1662376743861 11.74017401740174 745
1662376745097 11.612084285351612 746
1662376746323 11.74017401740174 747
1662376747594 11.631124650926632 748
1662376748863 11.631124650926632 749
1662376750120 11.631124650926632 750
1662376751418 11.762676267626764 751
1662376752675 11.612084285351612 752
1662376753939 11.74017401740174 753
1662376755237 11.612084285351612 754
1662376756511 11.57898142755452 755
1662376757745 11.638840354623698 756
1662376759035 11.638840354623698 757
1662376760290 11.57898142755452 758
1662376761604 11.987698769876989 759
1662376762864 11.987698769876989 760
1662376764118 12.02070207020702 761
1662376765395 13.225322532253225 762
1662376766758 12.482748274827484 763
1662376768004 12.058420127727059 764
1662376769257 11.74017401740174 765
1662376770548 11.74017401740174 766
1662376771835 11.762676267626764 767
1662376773063 11.762676267626764 768
1662376774327 11.631124650926632 769
1662376775585 12.514251425142515 770
1662376776853 12.925292529252927 771
1662376778121 13.561784749903563 772
1662376779378 13.809309502378811 773
1662376780589 13.825811152543826 774
1662376781824 13.609360936093609 775
1662376783074 13.433200462903432 776
1662376784323 13.433200462903432 777
1662376785585 13.043919776593043 778
1662376786865 13.357451129728357 779
1662376788110 13.357451129728357 780
1662376789411 13.357451129728357 781
1662376790679 13.027418126428024 782
1662376791938 13.027418126428024 783
1662376793228 12.442606898052443 784
1662376794534 11.087371895084246 785
1662376795829 10.825082508250826 786
1662376797097 11.591923898272178 787
1662376798359 11.659871869539895 788
1662376799653 11.659871869539895 789
1662376800922 11.645311589982528 790
1662376802193 11.645311589982528 791
1662376803468 11.989904872840224 792
1662376804735 11.591923898272178 793
1662376805997 12.325946880402325 794
1662376807224 12.256466248128572 795
1662376808447 12.404006156918213 796
1662376809702 12.404006156918213 797
1662376810971 12.751650165016502 798
1662376811732 12.751650165016502 798
