1662375794590 10.697421390490696 0
1662375795793 10.697421390490696 1
1662375797172 10.697421390490696 2
1662375798426 10.697421390490696 3
1662375799689 10.697421390490696 4
1662375800904 10.697421390490696 5
1662375802142 10.697421390490696 6
1662375803413 10.697421390490696 7
1662375804682 10.697421390490696 8
1662375805931 10.697421390490696 9
1662375807179 10.697421390490696 10
1662375808424 10.697421390490696 11
1662375809682 10.697421390490696 12
1662375810969 10.697421390490696 13
1662375812189 10.697421390490696 14
1662375813414 10.697421390490696 15
1662375814669 10.697421390490696 16
1662375815897 10.697421390490696 17
1662375817202 10.697421390490696 18
1662375818472 10.697421390490696 19
1662375819738 10.697421390490696 20
1662375821053 10.697421390490696 21
1662375822340 10.697421390490696 22
1662375823581 10.697421390490696 23
1662375824818 10.697421390490696 24
1662375826080 10.697421390490696 25
1662375827285 10.697421390490696 26
1662375828569 10.768505421970767 27
1662375829827 10.768505421970767 28
1662375831081 10.768505421970767 29
1662375832349 10.768505421970767 30
1662375833626 10.768505421970767 31
1662375834874 10.768505421970767 32
1662375836145 10.768505421970767 33
1662375837389 10.768505421970767 34
1662375838650 10.768505421970767 35
1662375839907 10.768505421970767 36
1662375841163 10.768505421970767 37
1662375842446 10.768505421970767 38
1662375843712 10.768505421970767 39
1662375845028 10.768505421970767 40
1662375846321 10.768505421970767 41
1662375847611 10.768505421970767 42
1662375848890 10.768505421970767 43
1662375850128 10.768505421970767 44
1662375851429 10.768505421970767 45
1662375852690 10.768505421970767 46
1662375853945 10.768505421970767 47
1662375855204 10.768505421970767 48
1662375856470 10.768505421970767 49
1662375857744 10.768505421970767 50
1662375859031 10.768505421970767 51
1662375860324 10.768505421970767 52
1662375861668 10.768505421970767 53
1662375862940 10.768505421970767 54
1662375864198 10.768505421970767 55
1662375865493 10.768505421970767 56
1662375866764 10.768505421970767 57
1662375868075 10.768505421970767 58
1662375869315 10.768505421970767 59
1662375870608 10.768505421970767 60
1662375871919 10.768505421970767 61
1662375873299 10.768505421970767 62
1662375874571 10.768505421970767 63
1662375875824 10.768505421970767 64
1662375877102 10.768505421970767 65
1662375878343 10.768505421970767 66
1662375879617 10.768505421970767 67
1662375880909 10.768505421970767 68
1662375882174 10.768505421970767 69
1662375883464 10.768505421970767 70
1662375884733 10.768505421970767 71
1662375885965 10.768505421970767 72
1662375887243 10.768505421970767 73
1662375888502 10.768505421970767 74
1662375889772 10.768505421970767 75
1662375891059 10.768505421970767 76
1662375892312 10.395096652522396 77
1662375893557 10.395096652522396 78
1662375894839 10.395096652522396 79
1662375896090 10.324012621042323 80
1662375897443 10.324012621042323 81
1662375898743 10.324012621042323 82
1662375899994 10.324012621042323 83
1662375901300 10.324012621042323 84
1662375902579 10.324012621042323 85
1662375903856 10.324012621042323 86
1662375905124 10.324012621042323 87
1662375906415 10.263083451202263 88
1662375907674 10.263083451202263 89
1662375908947 10.8991470575629 90
1662375910216 10.8991470575629 91
1662375911509 10.8991470575629 92
1662375912777 10.730273027302731 93
1662375914055 10.730273027302731 94
1662375915344 10.64026402640264 95
1662375916623 10.64026402640264 96
1662375917924 10.64026402640264 97
1662375919227 10.64026402640264 98
1662375920528 10.64026402640264 99
1662375921826 10.64026402640264 100
1662375923107 10.580858085808579 101
1662375924374 10.580858085808579 102
1662375925725 10.64026402640264 103
1662375927014 10.46204620462046 104
1662375928328 10.409823335274703 105
1662375929641 10.409823335274703 106
1662375930925 10.46204620462046 107
1662375932272 10.521452145214521 108
1662375933557 10.521452145214521 109
1662375934819 10.672541979472673 110
1662375936101 10.672541979472673 111
1662375937395 10.521452145214521 112
1662375938654 10.521452145214521 113
1662375939924 10.521452145214521 114
1662375941233 9.874587458745875 115
1662375942498 9.874587458745875 116
1662375943713 9.874587458745875 117
1662375944962 9.874587458745875 118
1662375946267 9.874587458745875 119
1662375947553 9.874587458745875 120
1662375948832 9.95988829652196 121
1662375950120 9.95988829652196 122
1662375951414 9.95988829652196 123
1662375952655 9.95988829652196 124
1662375953967 9.95988829652196 125
1662375955217 9.95988829652196 126
1662375956502 9.95988829652196 127
1662375957814 9.95988829652196 128
1662375959076 9.95988829652196 129
1662375960339 9.95988829652196 130
1662375961573 9.95988829652196 131
1662375962836 9.95988829652196 132
1662375964129 9.95988829652196 133
1662375965406 9.95988829652196 134
1662375966695 9.95988829652196 135
1662375967994 9.95988829652196 136
1662375969281 9.95988829652196 137
1662375970550 9.95988829652196 138
1662375971840 9.95988829652196 139
1662375973136 9.95988829652196 140
1662375974414 9.95988829652196 141
1662375975687 9.95988829652196 142
1662375976972 9.082508250825082 143
1662375978224 9.082508250825082 144
1662375979508 9.082508250825082 145
1662375980738 9.082508250825082 146
1662375982027 9.082508250825082 147
1662375983275 9.082508250825082 148
1662375984521 9.082508250825082 149
1662375985789 9.082508250825082 150
1662375987064 9.082508250825082 151
1662375988336 9.082508250825082 152
1662375989643 9.082508250825082 153
1662375990934 9.082508250825082 154
1662375992226 9.082508250825082 155
1662375993500 9.082508250825082 156
1662375994803 9.082508250825082 157
1662375996067 9.082508250825082 158
1662375997368 9.082508250825082 159
1662375998610 9.082508250825082 160
1662375999871 9.082508250825082 161
1662376001115 9.082508250825082 162
1662376002421 9.082508250825082 163
1662376003723 9.082508250825082 164
1662376004983 9.082508250825082 165
1662376006230 9.082508250825082 166
1662376007487 9.082508250825082 167
1662376008766 9.082508250825082 168
1662376010045 9.740543285097742 169
1662376011319 9.740543285097742 170
1662376012646 9.740543285097742 171
1662376013947 9.740543285097742 172
1662376015255 9.740543285097742 173
1662376016555 9.666135844353667 174
1662376017806 9.666135844353667 175
1662376019085 9.666135844353667 176
1662376020355 9.78037803780378 177
1662376021639 9.78037803780378 178
1662376022930 9.78037803780378 179
1662376024232 9.854785478547857 180
1662376025536 9.854785478547857 181
1662376026862 9.98979897989799 182
1662376028165 9.98979897989799 183
1662376029437 9.98979897989799 184
1662376030701 10.23942394239424 185
1662376032016 10.23942394239424 186
1662376033321 10.23942394239424 187
1662376034594 10.23942394239424 188
1662376035853 10.23942394239424 189
1662376037148 10.23942394239424 190
1662376038424 10.23942394239424 191
1662376039701 10.23942394239424 192
1662376041004 10.23942394239424 193
1662376042257 10.016201620162017 194
1662376043497 10.016201620162017 195
1662376044784 9.553693830921555 196
1662376046040 9.553693830921555 197
1662376047311 9.553693830921555 198
1662376048605 9.553693830921555 199
1662376049848 9.71917191719172 200
1662376051153 9.71917191719172 201
1662376052457 9.71917191719172 202
1662376053686 9.78037803780378 203
1662376054968 9.78037803780378 204
1662376056248 9.78037803780378 205
1662376057518 9.78037803780378 206
1662376058762 9.78037803780378 207
1662376060029 9.78037803780378 208
1662376061277 9.78037803780378 209
1662376062538 9.78037803780378 210
1662376063822 9.78037803780378 211
1662376065115 9.78037803780378 212
1662376066372 9.78037803780378 213
1662376067670 9.854785478547857 214
1662376068926 9.666135844353667 215
1662376070228 9.740543285097742 216
1662376071487 9.740543285097742 217
1662376072728 9.740543285097742 218
1662376073997 9.740543285097742 219
1662376075267 9.740543285097742 220
1662376076588 9.854785478547857 221
1662376077896 9.78037803780378 222
1662376079165 9.78037803780378 223
1662376080456 9.78037803780378 224
1662376081721 9.78037803780378 225
1662376083011 9.78037803780378 226
1662376084288 9.78037803780378 227
1662376085547 9.78037803780378 228
1662376086810 9.98979897989799 229
1662376088134 9.98979897989799 230
1662376089407 9.082508250825082 231
1662376090676 9.082508250825082 232
1662376091952 9.082508250825082 233
1662376093237 9.082508250825082 234
1662376094469 9.082508250825082 235
1662376095746 9.082508250825082 236
1662376097018 9.082508250825082 237
1662376098257 9.082508250825082 238
1662376099574 9.082508250825082 239
1662376100823 9.082508250825082 240
1662376102091 9.254125412541255 241
1662376103351 9.254125412541255 242
1662376104585 9.254125412541255 243
1662376105848 9.254125412541255 244
1662376107121 9.254125412541255 245
1662376108401 9.47100424328147 246
1662376109692 9.47100424328147 247
1662376110912 9.47100424328147 248
1662376112209 9.47100424328147 249
1662376113516 9.47100424328147 250
1662376114775 9.47100424328147 251
1662376116030 9.47100424328147 252
1662376117292 9.47100424328147 253
1662376118576 9.47100424328147 254
1662376119889 9.47100424328147 255
1662376121130 9.47100424328147 256
1662376122408 9.47100424328147 257
1662376123697 9.47100424328147 258
1662376124960 9.47100424328147 259
1662376126193 9.47100424328147 260
1662376127447 9.47100424328147 261
1662376128722 9.47100424328147 262
1662376129947 9.47100424328147 263
1662376131180 9.082508250825082 264
1662376132447 9.082508250825082 265
1662376133710 9.082508250825082 266
1662376134962 9.082508250825082 267
1662376136243 9.082508250825082 268
1662376137527 8.943294329432943 269
1662376138799 9.26012601260126 270
1662376140066 9.26012601260126 271
1662376141341 9.26012601260126 272
1662376142621 9.26012601260126 273
1662376143850 9.26012601260126 274
1662376145156 9.26012601260126 275
1662376146457 9.26012601260126 276
1662376147733 9.26012601260126 277
1662376149019 9.26012601260126 278
1662376150304 8.943294329432943 279
1662376151577 8.943294329432943 280
1662376152891 8.943294329432943 281
1662376154114 8.943294329432943 282
1662376155396 9.78037803780378 283
1662376156672 9.78037803780378 284
1662376157949 9.78037803780378 285
1662376159211 9.98979897989799 286
1662376160505 9.98979897989799 287
1662376161761 9.915391539153916 288
1662376163063 9.915391539153916 289
1662376164336 9.915391539153916 290
1662376165635 9.915391539153916 291
1662376166889 8.316831683168317 292
1662376168174 8.252025202520253 293
1662376169465 8.252025202520253 294
1662376170767 8.252025202520253 295
1662376172075 8.252025202520253 296
1662376173342 8.316831683168317 297
1662376174601 8.316831683168317 298
1662376175947 8.316831683168317 299
1662376177193 8.000000000000002 300
1662376178491 8.316831683168317 301
1662376179790 8.316831683168317 302
1662376181038 8.000000000000002 303
1662376182274 8.000000000000002 304
1662376183549 8.000000000000002 305
1662376184813 8.000000000000002 306
1662376186083 9.081492764661082 307
1662376187392 9.081492764661082 308
1662376188660 9.446197366989445 309
1662376189934 9.446197366989445 310
1662376191182 9.081492764661082 311
1662376192443 9.081492764661082 312
1662376193746 9.081492764661082 313
1662376195033 9.081492764661082 314
1662376196348 9.081492764661082 315
1662376197611 9.081492764661082 316
1662376198850 9.081492764661082 317
1662376200149 9.081492764661082 318
1662376201427 9.081492764661082 319
1662376202705 9.081492764661082 320
1662376204011 9.081492764661082 321
1662376205271 9.081492764661082 322
1662376206637 9.081492764661082 323
1662376207948 9.047546512893046 324
1662376209209 9.047546512893046 325
1662376210510 9.047546512893046 326
1662376211754 9.047546512893046 327
1662376213012 9.081492764661082 328
1662376214274 9.081492764661082 329
1662376215575 9.081492764661082 330
1662376216830 9.081492764661082 331
1662376218096 9.081492764661082 332
1662376219349 9.081492764661082 333
1662376220616 8.000000000000002 334
1662376221912 9.081492764661082 335
1662376223239 9.081492764661082 336
1662376224530 8.000000000000002 337
1662376225791 8.000000000000002 338
1662376227050 8.000000000000002 339
1662376228336 8.000000000000002 340
1662376229604 7.935193519351936 341
1662376230923 7.935193519351936 342
1662376232207 7.935193519351936 343
1662376233521 7.935193519351936 344
1662376234797 7.935193519351936 345
1662376236045 7.935193519351936 346
1662376237302 7.935193519351936 347
1662376238618 8.252025202520253 348
1662376239911 8.252025202520253 349
1662376241192 8.252025202520253 350
1662376242454 8.252025202520253 351
1662376243731 8.252025202520253 352
1662376244993 8.252025202520253 353
1662376246279 8.252025202520253 354
1662376247563 8.252025202520253 355
1662376248844 8.252025202520253 356
1662376250123 8.252025202520253 357
1662376251360 8.252025202520253 358
1662376252644 8.252025202520253 359
1662376253918 8.252025202520253 360
1662376255172 8.198019801980198 361
1662376256469 8.198019801980198 362
1662376257767 9.41225111522141 363
1662376259053 9.41225111522141 364
1662376260318 9.41225111522141 365
1662376261630 8.198019801980198 366
1662376262935 8.198019801980198 367
1662376264236 8.152322924600153 368
1662376265495 8.152322924600153 369
1662376266770 8.152322924600153 370
1662376268040 7.603960396039604 371
1662376269293 7.603960396039604 372
1662376270554 7.603960396039604 373
1662376271793 7.603960396039604 374
1662376273089 7.603960396039604 375
1662376274384 7.603960396039604 376
1662376275658 7.603960396039604 377
1662376276935 7.603960396039604 378
1662376278201 7.603960396039604 379
1662376279475 7.603960396039604 380
1662376280726 7.603960396039604 381
1662376282043 7.603960396039604 382
1662376283332 7.603960396039604 383
1662376284599 7.603960396039604 384
1662376285906 7.603960396039604 385
1662376287186 8.252025202520253 386
1662376288425 8.252025202520253 387
1662376289713 8.252025202520253 388
1662376291020 8.252025202520253 389
1662376292289 8.252025202520253 390
1662376293539 7.935193519351936 391
1662376294763 7.935193519351936 392
1662376296007 7.935193519351936 393
1662376297280 7.935193519351936 394
1662376298536 7.935193519351936 395
1662376299798 7.935193519351936 396
1662376301079 7.935193519351936 397
1662376302330 7.935193519351936 398
1662376303643 7.935193519351936 399
1662376304898 7.935193519351936 400
1662376306178 7.935193519351936 401
1662376307500 7.935193519351936 402
1662376308824 7.935193519351936 403
1662376310078 8.252025202520253 404
1662376311358 8.252025202520253 405
1662376312641 8.252025202520253 406
1662376313940 7.935193519351936 407
1662376315188 7.935193519351936 408
1662376316485 7.935193519351936 409
1662376317771 7.935193519351936 410
1662376319067 7.935193519351936 411
1662376320354 7.935193519351936 412
1662376321615 7.935193519351936 413
1662376322884 8.252025202520253 414
1662376324141 8.252025202520253 415
1662376325379 8.252025202520253 416
1662376326678 8.252025202520253 417
1662376327909 7.935193519351936 418
1662376329156 7.935193519351936 419
1662376330396 7.935193519351936 420
1662376331678 7.935193519351936 421
1662376332943 7.935193519351936 422
1662376334187 7.935193519351936 423
1662376335468 7.2871287128712865 424
1662376336755 7.2871287128712865 425
1662376338032 7.2871287128712865 426
1662376339276 7.603960396039604 427
1662376340511 7.603960396039604 428
1662376341802 7.603960396039604 429
1662376343062 7.603960396039604 430
1662376344318 7.603960396039604 431
1662376345584 7.603960396039604 432
1662376346800 7.603960396039604 433
1662376348042 7.603960396039604 434
1662376349259 7.603960396039604 435
1662376350523 7.603960396039604 436
1662376351771 7.603960396039604 437
1662376353076 7.603960396039604 438
1662376354305 7.603960396039604 439
1662376355583 7.603960396039604 440
1662376356875 7.603960396039604 441
1662376358132 7.603960396039604 442
1662376359443 7.603960396039604 443
1662376360695 7.603960396039604 444
1662376361948 7.603960396039604 445
1662376363209 7.603960396039604 446
1662376364492 7.603960396039604 447
1662376365771 8.316831683168317 448
1662376367045 8.316831683168317 449
1662376368282 8.252025202520253 450
1662376369539 8.252025202520253 451
1662376370787 8.252025202520253 452
1662376372077 8.252025202520253 453
1662376373331 8.252025202520253 454
1662376374587 8.316831683168317 455
1662376375854 8.316831683168317 456
1662376377145 8.316831683168317 457
1662376378466 8.316831683168317 458
1662376379843 8.316831683168317 459
1662376381153 8.316831683168317 460
1662376382496 8.316831683168317 461
1662376383712 8.554455445544555 462
1662376384984 8.66006600660066 463
1662376386263 8.66006600660066 464
1662376387623 8.66006600660066 465
1662376388912 8.66006600660066 466
1662376390213 8.792079207920791 467
1662376391487 8.792079207920791 468
1662376392750 8.495049504950494 469
1662376394036 8.495049504950494 470
1662376395335 8.495049504950494 471
1662376396606 8.495049504950494 472
1662376397878 8.396039603960395 473
1662376399107 8.396039603960395 474
1662376400390 8.396039603960395 475
1662376401737 8.396039603960395 476
1662376403001 8.396039603960395 477
1662376404254 8.396039603960395 478
1662376405524 8.396039603960395 479
1662376406798 8.396039603960395 480
1662376408072 8.396039603960395 481
1662376409319 8.396039603960395 482
1662376410589 8.396039603960395 483
1662376411856 8.396039603960395 484
1662376413149 8.396039603960395 485
1662376414404 8.396039603960395 486
1662376415646 7.603960396039604 487
1662376416899 8.316831683168317 488
1662376418176 8.316831683168317 489
1662376419433 8.316831683168317 490
1662376420718 7.96039603960396 491
1662376421919 7.96039603960396 492
1662376423207 7.938393839383938 493
1662376424455 7.938393839383938 494
1662376425806 8.316831683168317 495
1662376427065 8.316831683168317 496
1662376428275 8.000000000000002 497
1662376429553 8.000000000000002 498
1662376430807 8.000000000000002 499
1662376432025 8.000000000000002 500
1662376433293 8.792079207920791 501
1662376434534 9.052333804809052 502
1662376435798 8.69024045261669 503
1662376437056 8.69024045261669 504
1662376438338 8.69024045261669 505
1662376439602 8.69024045261669 506
1662376440876 8.69024045261669 507
1662376442158 8.69024045261669 508
1662376443406 8.495049504950494 509
1662376444648 8.178217821782177 510
1662376445911 8.178217821782177 511
1662376447122 8.178217821782177 512
1662376448390 8.178217821782177 513
1662376449713 8.079207920792078 514
1662376450992 8.396039603960395 515
1662376452276 8.396039603960395 516
1662376453507 8.396039603960395 517
1662376454745 8.396039603960395 518
1662376456022 8.396039603960395 519
1662376457347 8.396039603960395 520
1662376458649 8.396039603960395 521
1662376459886 9.71917191719172 522
1662376461162 9.71917191719172 523
1662376462424 9.71917191719172 524
1662376463735 9.854785478547857 525
1662376465040 9.947194719471947 526
1662376466285 9.254125412541255 527
1662376467567 9.254125412541255 528
1662376468859 9.254125412541255 529
1662376470160 9.254125412541255 530
1662376471393 9.254125412541255 531
1662376472632 9.254125412541255 532
1662376473902 9.254125412541255 533
1662376475204 9.082508250825082 534
1662376476482 9.082508250825082 535
1662376477764 8.704070407040705 536
1662376479054 8.56885688568857 537
1662376480325 7.2871287128712865 538
1662376481554 7.603960396039604 539
1662376482795 7.603960396039604 540
1662376484075 7.603960396039604 541
1662376485360 8.316831683168317 542
1662376486623 8.316831683168317 543
1662376487894 8.316831683168317 544
1662376489183 8.396039603960395 545
1662376490452 8.396039603960395 546
1662376491709 8.396039603960395 547
1662376492971 8.396039603960395 548
1662376494210 8.396039603960395 549
1662376495494 8.396039603960395 550
1662376496847 8.66006600660066 551
1662376498090 8.66006600660066 552
1662376499397 8.66006600660066 553
1662376500650 8.66006600660066 554
1662376501953 9.052333804809052 555
1662376503249 9.052333804809052 556
1662376504518 9.052333804809052 557
1662376505788 9.052333804809052 558
1662376507063 9.052333804809052 559
1662376508337 9.052333804809052 560
1662376509620 9.052333804809052 561
1662376510884 9.052333804809052 562
1662376512161 9.052333804809052 563
1662376513440 9.052333804809052 564
1662376514704 9.052333804809052 565
1662376515939 8.69024045261669 566
1662376517237 8.69024045261669 567
1662376518539 8.69024045261669 568
1662376519885 8.69024045261669 569
1662376521168 8.69024045261669 570
1662376522445 10.013372765848013 571
1662376523743 9.713632901751716 572
1662376525031 9.713632901751716 573
1662376526328 9.346026910383348 574
1662376527594 9.447344734473448 575
1662376528870 9.447344734473448 576
1662376530162 9.447344734473448 577
1662376531401 9.447344734473448 578
1662376532708 9.387938793879387 579
1662376534003 8.178217821782177 580
1662376535269 8.178217821782177 581
1662376536528 8.178217821782177 582
1662376537815 8.178217821782177 583
1662376539058 8.69024045261669 584
1662376540345 8.69024045261669 585
1662376541560 8.69024045261669 586
1662376542806 8.69024045261669 587
1662376544051 8.69024045261669 588
1662376545341 8.69024045261669 589
1662376546614 8.69024045261669 590
1662376547915 8.69024045261669 591
1662376549180 8.69024045261669 592
1662376550451 8.69024045261669 593
1662376551692 8.69024045261669 594
1662376552946 8.69024045261669 595
1662376554214 8.69024045261669 596
1662376555490 8.69024045261669 597
1662376556825 8.69024045261669 598
1662376558091 8.69024045261669 599
1662376559374 8.69024045261669 600
1662376560685 8.69024045261669 601
1662376561932 8.69024045261669 602
1662376563207 8.69024045261669 603
1662376564419 8.69024045261669 604
1662376565693 8.69024045261669 605
1662376566975 8.69024045261669 606
1662376568282 8.69024045261669 607
1662376569548 8.69024045261669 608
1662376570848 8.69024045261669 609
1662376572134 8.69024045261669 610
1662376573424 8.69024045261669 611
1662376574671 8.69024045261669 612
1662376575941 8.69024045261669 613
1662376577259 9.029702970297029 614
1662376578506 9.029702970297029 615
1662376579792 9.029702970297029 616
1662376581058 9.029702970297029 617
1662376582342 9.029702970297029 618
1662376583662 9.029702970297029 619
1662376584929 8.69024045261669 620
1662376586259 8.69024045261669 621
1662376587564 8.69024045261669 622
1662376588915 8.69024045261669 623
1662376590187 8.69024045261669 624
1662376591423 8.69024045261669 625
1662376592654 8.69024045261669 626
1662376593934 8.495049504950494 627
1662376595190 8.495049504950494 628
1662376596460 8.495049504950494 629
1662376597810 8.495049504950494 630
1662376599089 8.495049504950494 631
1662376600342 8.495049504950494 632
1662376601640 8.495049504950494 633
1662376602916 8.495049504950494 634
1662376604150 8.495049504950494 635
1662376605385 8.495049504950494 636
1662376606618 8.495049504950494 637
1662376607910 8.178217821782177 638
1662376609210 8.178217821782177 639
1662376610482 8.178217821782177 640
1662376611777 8.178217821782177 641
1662376613032 8.178217821782177 642
1662376614265 8.178217821782177 643
1662376615547 8.178217821782177 644
1662376616825 8.495049504950494 645
1662376618054 8.396039603960395 646
1662376619330 8.396039603960395 647
1662376620633 8.495049504950494 648
1662376621954 8.495049504950494 649
1662376623226 8.495049504950494 650
1662376624497 8.495049504950494 651
1662376625794 8.495049504950494 652
1662376627071 8.495049504950494 653
1662376628364 8.495049504950494 654
1662376629622 8.178217821782177 655
1662376630921 8.178217821782177 656
1662376632175 8.495049504950494 657
1662376633462 8.495049504950494 658
1662376634728 8.495049504950494 659
1662376635998 8.495049504950494 660
1662376637252 8.396039603960395 661
1662376638533 8.396039603960395 662
1662376639834 8.396039603960395 663
1662376641117 8.396039603960395 664
1662376642395 8.396039603960395 665
1662376643714 7.603960396039604 666
1662376644976 7.603960396039604 667
1662376646243 7.920792079207921 668
1662376647504 7.524752475247524 669
1662376648788 7.524752475247524 670
1662376650094 7.524752475247524 671
1662376651322 7.524752475247524 672
1662376652599 7.524752475247524 673
1662376653923 7.603960396039604 674
1662376655124 7.603960396039604 675
1662376656381 7.603960396039604 676
1662376657691 7.603960396039604 677
1662376659003 7.603960396039604 678
1662376660235 7.603960396039604 679
1662376661496 7.920792079207921 680
1662376662792 7.920792079207921 681
1662376664068 7.920792079207921 682
1662376665305 7.920792079207921 683
1662376666579 7.920792079207921 684
1662376667846 7.920792079207921 685
1662376669100 7.920792079207921 686
1662376670364 7.920792079207921 687
1662376671610 7.128712871287128 688
1662376672916 7.128712871287128 689
1662376674202 6.970297029702971 690
1662376675443 6.970297029702971 691
1662376676732 6.970297029702971 692
1662376677968 7.603960396039604 693
1662376679221 7.920792079207921 694
1662376680456 7.920792079207921 695
1662376681681 7.603960396039604 696
1662376682961 7.603960396039604 697
1662376684226 7.603960396039604 698
1662376685451 7.603960396039604 699
1662376686695 7.603960396039604 700
1662376687930 7.603960396039604 701
1662376689175 7.603960396039604 702
1662376690428 7.603960396039604 703
1662376691717 7.603960396039604 704
1662376693039 7.603960396039604 705
1662376694302 8.495049504950494 706
1662376695571 8.495049504950494 707
1662376696816 8.792079207920791 708
1662376698100 8.495049504950494 709
1662376699370 8.792079207920791 710
1662376700652 8.495049504950494 711
1662376701896 8.495049504950494 712
1662376703152 8.495049504950494 713
1662376704435 8.495049504950494 714
1662376705794 8.396039603960395 715
1662376707065 8.396039603960395 716
1662376708312 8.396039603960395 717
1662376709596 8.396039603960395 718
1662376710880 8.396039603960395 719
1662376712172 8.396039603960395 720
1662376713459 8.396039603960395 721
1662376714734 8.396039603960395 722
1662376716016 7.935193519351936 723
1662376717289 9.34833483348335 724
1662376718525 9.71917191719172 725
1662376719804 9.71917191719172 726
1662376721097 10.016201620162017 727
1662376722374 10.016201620162017 728
1662376723670 10.016201620162017 729
1662376724914 9.71917191719172 730
1662376726171 9.854785478547857 731
1662376727437 9.98979897989799 732
1662376728725 8.316831683168317 733
1662376729997 7.603960396039604 734
1662376731284 7.603960396039604 735
1662376732525 7.603960396039604 736
1662376733791 7.524752475247524 737
1662376735006 7.524752475247524 738
1662376736281 7.524752475247524 739
1662376737515 7.524752475247524 740
1662376738786 7.524752475247524 741
1662376740048 7.524752475247524 742
1662376741320 7.524752475247524 743
1662376742587 7.524752475247524 744
1662376743860 7.524752475247524 745
1662376745097 7.524752475247524 746
1662376746322 7.524752475247524 747
1662376747594 7.920792079207921 748
1662376748863 7.920792079207921 749
1662376750119 7.920792079207921 750
1662376751417 7.920792079207921 751
1662376752674 7.524752475247524 752
1662376753938 7.524752475247524 753
1662376755236 7.524752475247524 754
1662376756510 7.2871287128712865 755
1662376757744 7.2871287128712865 756
1662376759035 7.2871287128712865 757
1662376760289 7.935193519351936 758
1662376761603 7.935193519351936 759
1662376762864 7.935193519351936 760
1662376764118 7.935193519351936 761
1662376765394 7.935193519351936 762
1662376766757 7.935193519351936 763
1662376768004 7.2871287128712865 764
1662376769256 7.2871287128712865 765
1662376770548 7.2871287128712865 766
1662376771834 7.603960396039604 767
1662376773063 7.603960396039604 768
1662376774326 7.603960396039604 769
1662376775584 7.603960396039604 770
1662376776852 7.603960396039604 771
1662376778121 7.603960396039604 772
1662376779377 7.603960396039604 773
1662376780589 7.603960396039604 774
1662376781824 7.603960396039604 775
1662376783073 7.603960396039604 776
1662376784322 7.603960396039604 777
1662376785584 7.603960396039604 778
1662376786865 7.603960396039604 779
1662376788109 7.603960396039604 780
1662376789411 8.252025202520253 781
1662376790679 8.252025202520253 782
1662376791938 8.252025202520253 783
1662376793228 8.316831683168317 784
1662376794534 8.316831683168317 785
1662376795828 8.316831683168317 786
1662376797097 8.252025202520253 787
1662376798358 8.252025202520253 788
1662376799653 7.603960396039604 789
1662376800922 7.2871287128712865 790
1662376802192 8.704070407040705 791
1662376803468 9.254125412541255 792
1662376804734 9.47100424328147 793
1662376805997 9.47100424328147 794
1662376807224 10.164073550212164 795
1662376808446 10.227079850842227 796
1662376809701 10.547854785478547 797
1662376810970 10.151815181518153 798
1662376811731 10.151815181518153 798
