1662375794589 0.0 0
1662375795793 0.0 1
1662375797171 0.0 2
1662375798426 0.0 3
1662375799688 0.0 4
1662375800904 0.0 5
1662375802141 0.0 6
1662375803412 0.0 7
1662375804681 0.0 8
1662375805931 0.0 9
1662375807178 0.0 10
1662375808424 0.0 11
1662375809681 0.0 12
1662375810969 0.0 13
1662375812189 0.0 14
1662375813413 0.0 15
1662375814668 0.0 16
1662375815897 0.0 17
1662375817202 0.0 18
1662375818472 0.0 19
1662375819738 0.0 20
1662375821053 0.0 21
1662375822339 0.0 22
1662375823580 0.0 23
1662375824817 0.0 24
1662375826080 0.0 25
1662375827284 0.0 26
1662375828568 0.0 27
1662375829827 0.0 28
1662375831080 0.0 29
1662375832348 0.0 30
1662375833625 0.0 31
1662375834873 0.0 32
1662375836144 0.0 33
1662375837388 0.0 34
1662375838649 0.0 35
1662375839907 0.0 36
1662375841162 0.0 37
1662375842445 0.0 38
1662375843711 0.0 39
1662375845028 0.0 40
1662375846320 0.0 41
1662375847610 0.0 42
1662375848889 0.0 43
1662375850128 0.0 44
1662375851428 0.0 45
1662375852689 0.0 46
1662375853944 0.0 47
1662375855204 0.0 48
1662375856469 0.0 49
1662375857744 0.0 50
1662375859030 0.0 51
1662375860323 0.0 52
1662375861667 0.0 53
1662375862940 0.0 54
1662375864197 0.0 55
1662375865492 0.0 56
1662375866764 0.0 57
1662375868075 0.0 58
1662375869314 0.0 59
1662375870607 0.0 60
1662375871919 0.0 61
1662375873298 0.0 62
1662375874570 0.0 63
1662375875823 0.0 64
1662375877102 0.0 65
1662375878343 0.0 66
1662375879617 0.0 67
1662375880909 0.0 68
1662375882173 0.0 69
1662375883464 0.0 70
1662375884732 0.0 71
1662375885965 0.0 72
1662375887242 0.0 73
1662375888501 0.0 74
1662375889772 0.0 75
1662375891058 0.0 76
1662375892311 0.0 77
1662375893556 0.0 78
1662375894839 0.0 79
1662375896089 0.0 80
1662375897443 0.0 81
1662375898743 0.0 82
1662375899993 0.0 83
1662375901299 0.0 84
1662375902579 0.0 85
1662375903855 0.0 86
1662375905124 0.0 87
1662375906415 0.0 88
1662375907674 0.0 89
1662375908946 0.0 90
1662375910216 0.0 91
1662375911509 0.0 92
1662375912776 0.0 93
1662375914055 0.0 94
1662375915343 0.0 95
1662375916622 0.0 96
1662375917924 0.0 97
1662375919226 0.0 98
1662375920527 0.0 99
1662375921825 0.0 100
1662375923107 0.0 101
1662375924373 0.0 102
1662375925724 0.0 103
1662375927014 0.0 104
1662375928327 0.0 105
1662375929640 0.0 106
1662375930924 0.0 107
1662375932272 0.0 108
1662375933556 0.0 109
1662375934818 0.0 110
1662375936101 0.0 111
1662375937395 0.0 112
1662375938654 0.0 113
1662375939923 0.0 114
1662375941233 0.0 115
1662375942498 0.0 116
1662375943713 0.0 117
1662375944961 0.0 118
1662375946266 0.0 119
1662375947552 0.0 120
1662375948832 0.0 121
1662375950119 0.0 122
1662375951413 0.0 123
1662375952654 0.0 124
1662375953967 0.0 125
1662375955216 0.0 126
1662375956501 0.0 127
1662375957814 0.0 128
1662375959076 0.0 129
1662375960339 0.0 130
1662375961573 0.0 131
1662375962836 0.0 132
1662375964129 0.0 133
1662375965405 0.0 134
1662375966695 0.0 135
1662375967993 0.0 136
1662375969280 0.0 137
1662375970550 0.0 138
1662375971840 0.0 139
1662375973135 0.0 140
1662375974413 0.0 141
1662375975687 0.0 142
1662375976971 0.0 143
1662375978223 0.0 144
1662375979507 0.0 145
1662375980737 0.0 146
1662375982026 0.0 147
1662375983275 0.0 148
1662375984520 0.0 149
1662375985788 0.0 150
1662375987063 0.0 151
1662375988336 0.0 152
1662375989642 0.0 153
1662375990933 0.0 154
1662375992225 0.0 155
1662375993500 0.0 156
1662375994803 0.0 157
1662375996067 0.0 158
1662375997367 0.0 159
1662375998609 0.0 160
1662375999870 0.0 161
1662376001114 0.0 162
1662376002420 0.0 163
1662376003723 0.0 164
1662376004983 0.0 165
1662376006229 0.0 166
1662376007486 0.0 167
1662376008765 0.0 168
1662376010044 0.0 169
1662376011319 0.0 170
1662376012646 0.0 171
1662376013946 0.0 172
1662376015255 0.0 173
1662376016554 0.0 174
1662376017805 0.0 175
1662376019084 0.0 176
1662376020355 0.0 177
1662376021638 0.0 178
1662376022929 0.0 179
1662376024231 0.0 180
1662376025536 0.0 181
1662376026861 0.0 182
1662376028165 0.0 183
1662376029437 0.0 184
1662376030700 0.0 185
1662376032015 0.0 186
1662376033321 0.0 187
1662376034593 0.0 188
1662376035852 0.0 189
1662376037148 0.0 190
1662376038423 0.0 191
1662376039701 0.0 192
1662376041003 0.0 193
1662376042256 0.0 194
1662376043497 0.0 195
1662376044783 0.0 196
1662376046040 0.0 197
1662376047310 0.0 198
1662376048604 0.0 199
1662376049847 0.0 200
1662376051152 0.0 201
1662376052456 0.0 202
1662376053685 0.0 203
1662376054967 0.0 204
1662376056248 0.0 205
1662376057517 0.0 206
1662376058762 0.0 207
1662376060028 0.0 208
1662376061277 0.0 209
1662376062538 0.0 210
1662376063822 0.0 211
1662376065114 0.0 212
1662376066371 0.0 213
1662376067669 0.0 214
1662376068925 0.0 215
1662376070228 0.0 216
1662376071487 0.0 217
1662376072728 0.0 218
1662376073997 0.0 219
1662376075267 0.0 220
1662376076587 0.0 221
1662376077895 0.0 222
1662376079165 0.0 223
1662376080455 0.0 224
1662376081720 0.0 225
1662376083010 0.0 226
1662376084288 0.0 227
1662376085546 0.0 228
1662376086809 0.0 229
1662376088134 0.0 230
1662376089407 0.0 231
1662376090675 0.0 232
1662376091952 0.0 233
1662376093237 0.0 234
1662376094469 0.0 235
1662376095745 0.0 236
1662376097018 0.0 237
1662376098256 0.0 238
1662376099574 0.0 239
1662376100822 0.0 240
1662376102091 0.0 241
1662376103351 0.0 242
1662376104585 0.0 243
1662376105847 0.0 244
1662376107121 0.0 245
1662376108401 0.0 246
1662376109691 0.0 247
1662376110911 0.0 248
1662376112209 0.0 249
1662376113516 0.0 250
1662376114775 0.0 251
1662376116029 0.0 252
1662376117291 0.0 253
1662376118575 0.0 254
1662376119888 0.0 255
1662376121129 0.0 256
1662376122407 0.0 257
1662376123696 0.0 258
1662376124960 0.0 259
1662376126193 0.0 260
1662376127446 0.0 261
1662376128721 0.0 262
1662376129946 0.0 263
1662376131179 0.0 264
1662376132446 0.0 265
1662376133710 0.0 266
1662376134961 0.0 267
1662376136242 0.0 268
1662376137526 0.0 269
1662376138798 0.0 270
1662376140066 0.0 271
1662376141341 0.0 272
1662376142621 0.0 273
1662376143849 0.0 274
1662376145156 0.0 275
1662376146457 0.0 276
1662376147732 0.0 277
1662376149018 0.0 278
1662376150304 0.0 279
1662376151577 0.0 280
1662376152890 0.0 281
1662376154114 0.0 282
1662376155395 0.0 283
1662376156671 0.0 284
1662376157948 0.0 285
1662376159210 0.0 286
1662376160504 0.0 287
1662376161760 0.0 288
1662376163063 0.0 289
1662376164335 0.0 290
1662376165634 0.0 291
1662376166889 0.0 292
1662376168173 0.0 293
1662376169465 0.0 294
1662376170767 0.0 295
1662376172074 0.0 296
1662376173342 0.0 297
1662376174600 0.0 298
1662376175946 0.0 299
1662376177192 0.0 300
1662376178491 0.0 301
1662376179789 0.0 302
1662376181038 0.0 303
1662376182274 0.0 304
1662376183548 0.0 305
1662376184812 0.0 306
1662376186082 0.0 307
1662376187391 0.0 308
1662376188660 0.0 309
1662376189933 0.0 310
1662376191181 0.0 311
1662376192443 0.0 312
1662376193746 0.0 313
1662376195032 0.0 314
1662376196347 0.0 315
1662376197611 0.0 316
1662376198849 0.0 317
1662376200148 0.0 318
1662376201427 0.0 319
1662376202705 0.0 320
1662376204010 0.0 321
1662376205271 0.0 322
1662376206637 0.0 323
1662376207947 0.0 324
1662376209208 0.0 325
1662376210509 0.0 326
1662376211754 0.0 327
1662376213012 0.0 328
1662376214273 0.0 329
1662376215575 0.0 330
1662376216829 0.0 331
1662376218095 0.0 332
1662376219348 0.0 333
1662376220615 0.0 334
1662376221911 0.0 335
1662376223239 0.0 336
1662376224529 0.0 337
1662376225790 0.0 338
1662376227049 0.0 339
1662376228335 0.0 340
1662376229603 0.0 341
1662376230922 0.0 342
1662376232206 0.0 343
1662376233520 0.0 344
1662376234797 0.0 345
1662376236044 0.0 346
1662376237301 0.0 347
1662376238618 0.0 348
1662376239911 0.0 349
1662376241191 0.0 350
1662376242453 0.0 351
1662376243731 0.0 352
1662376244993 0.0 353
1662376246279 0.0 354
1662376247562 0.0 355
1662376248843 0.0 356
1662376250123 0.0 357
1662376251359 0.0 358
1662376252643 0.0 359
1662376253918 0.0 360
1662376255172 0.0 361
1662376256468 0.0 362
1662376257766 0.0 363
1662376259053 0.0 364
1662376260317 0.0 365
1662376261630 0.0 366
1662376262934 0.0 367
1662376264236 0.0 368
1662376265495 0.0 369
1662376266769 0.0 370
1662376268039 0.0 371
1662376269292 0.0 372
1662376270553 0.0 373
1662376271792 0.0 374
1662376273089 0.0 375
1662376274383 0.0 376
1662376275657 0.0 377
1662376276935 0.0 378
1662376278201 0.0 379
1662376279475 0.0 380
1662376280725 0.0 381
1662376282043 0.0 382
1662376283332 0.0 383
1662376284599 0.0 384
1662376285906 0.0 385
1662376287185 0.0 386
1662376288424 0.0 387
1662376289712 0.0 388
1662376291019 0.0 389
1662376292289 0.0 390
1662376293539 0.0 391
1662376294763 0.0 392
1662376296006 0.0 393
1662376297279 0.0 394
1662376298536 0.0 395
1662376299797 0.0 396
1662376301079 0.0 397
1662376302329 0.0 398
1662376303643 0.0 399
1662376304897 0.0 400
1662376306178 0.0 401
1662376307499 0.0 402
1662376308824 0.0 403
1662376310077 0.0 404
1662376311358 0.0 405
1662376312640 0.0 406
1662376313939 0.0 407
1662376315187 0.0 408
1662376316484 0.0 409
1662376317771 0.0 410
1662376319066 0.0 411
1662376320353 0.0 412
1662376321614 0.0 413
1662376322884 0.0 414
1662376324141 0.0 415
1662376325378 0.0 416
1662376326677 0.0 417
1662376327908 0.0 418
1662376329155 0.0 419
1662376330395 0.0 420
1662376331677 0.0 421
1662376332943 0.0 422
1662376334187 0.0 423
1662376335468 0.0 424
1662376336755 0.0 425
1662376338031 0.0 426
1662376339276 0.0 427
1662376340510 0.0 428
1662376341801 0.0 429
1662376343062 0.0 430
1662376344317 0.0 431
1662376345584 0.0 432
1662376346799 0.0 433
1662376348041 0.0 434
1662376349258 0.0 435
1662376350522 0.0 436
1662376351770 0.0 437
1662376353075 0.0 438
1662376354304 0.0 439
1662376355582 0.0 440
1662376356875 0.0 441
1662376358131 0.0 442
1662376359443 0.0 443
1662376360695 0.0 444
1662376361947 0.0 445
1662376363208 0.0 446
1662376364491 0.0 447
1662376365770 0.0 448
1662376367044 0.0 449
1662376368281 0.0 450
1662376369539 0.0 451
1662376370787 0.0 452
1662376372076 0.0 453
1662376373331 0.0 454
1662376374587 0.0 455
1662376375854 0.0 456
1662376377145 0.0 457
1662376378465 0.0 458
1662376379842 0.0 459
1662376381153 0.0 460
1662376382495 0.0 461
1662376383711 0.0 462
1662376384984 0.0 463
1662376386262 0.0 464
1662376387622 0.0 465
1662376388911 0.0 466
1662376390212 0.0 467
1662376391487 0.0 468
1662376392750 0.0 469
1662376394036 0.0 470
1662376395334 0.0 471
1662376396605 0.0 472
1662376397877 0.0 473
1662376399106 0.0 474
1662376400390 0.0 475
1662376401737 0.0 476
1662376403001 0.0 477
1662376404253 0.0 478
1662376405523 0.0 479
1662376406797 0.0 480
1662376408071 0.0 481
1662376409318 0.0 482
1662376410588 0.0 483
1662376411855 0.0 484
1662376413149 0.0 485
1662376414403 0.0 486
1662376415645 0.0 487
1662376416898 0.0 488
1662376418175 0.0 489
1662376419432 0.0 490
1662376420717 0.0 491
1662376421919 0.0 492
1662376423206 0.0 493
1662376424454 0.0 494
1662376425805 0.0 495
1662376427064 0.0 496
1662376428275 0.0 497
1662376429553 0.0 498
1662376430806 0.0 499
1662376432024 0.0 500
1662376433292 0.0 501
1662376434534 0.0 502
1662376435797 0.0 503
1662376437055 0.0 504
1662376438338 0.0 505
1662376439602 0.0 506
1662376440876 0.0 507
1662376442157 0.0 508
1662376443405 0.0 509
1662376444648 0.0 510
1662376445910 0.0 511
1662376447121 0.0 512
1662376448390 0.0 513
1662376449712 0.0 514
1662376450992 0.0 515
1662376452275 0.0 516
1662376453506 0.0 517
1662376454744 0.0 518
1662376456021 0.0 519
1662376457346 0.0 520
1662376458648 0.0 521
1662376459885 0.0 522
1662376461161 0.0 523
1662376462423 0.0 524
1662376463734 0.0 525
1662376465039 0.0 526
1662376466284 0.0 527
1662376467567 0.0 528
1662376468858 0.0 529
1662376470159 0.0 530
1662376471393 0.0 531
1662376472631 0.0 532
1662376473901 0.0 533
1662376475203 0.0 534
1662376476481 0.0 535
1662376477764 0.0 536
1662376479054 0.0 537
1662376480325 0.0 538
1662376481554 0.0 539
1662376482794 0.0 540
1662376484074 0.0 541
1662376485360 0.0 542
1662376486623 0.0 543
1662376487894 0.0 544
1662376489183 0.0 545
1662376490451 0.0 546
1662376491708 0.0 547
1662376492970 0.0 548
1662376494210 0.0 549
1662376495494 0.0 550
1662376496846 0.0 551
1662376498090 0.0 552
1662376499397 0.0 553
1662376500649 0.0 554
1662376501953 0.0 555
1662376503248 0.0 556
1662376504518 0.0 557
1662376505788 0.0 558
1662376507063 0.0 559
1662376508337 0.0 560
1662376509620 0.0 561
1662376510884 0.0 562
1662376512161 0.0 563
1662376513439 0.0 564
1662376514704 0.0 565
1662376515938 0.0 566
1662376517236 0.0 567
1662376518539 0.0 568
1662376519884 0.0 569
1662376521167 0.0 570
1662376522445 0.0 571
1662376523742 0.0 572
1662376525030 0.0 573
1662376526328 0.0 574
1662376527593 0.0 575
1662376528869 0.0 576
1662376530162 0.0 577
1662376531400 0.0 578
1662376532707 0.0 579
1662376534002 0.0 580
1662376535269 0.0 581
1662376536527 0.0 582
1662376537815 0.0 583
1662376539057 0.0 584
1662376540344 0.0 585
1662376541560 0.0 586
1662376542806 0.0 587
1662376544050 0.0 588
1662376545340 0.0 589
1662376546613 0.0 590
1662376547915 0.0 591
1662376549179 0.0 592
1662376550450 0.0 593
1662376551692 0.0 594
1662376552945 0.0 595
1662376554213 0.0 596
1662376555489 0.0 597
1662376556825 0.0 598
1662376558090 0.0 599
1662376559373 0.0 600
1662376560684 0.0 601
1662376561931 0.0 602
1662376563207 0.0 603
1662376564418 0.0 604
1662376565693 0.0 605
1662376566974 0.0 606
1662376568282 0.0 607
1662376569547 0.0 608
1662376570847 0.0 609
1662376572134 0.0 610
1662376573423 0.0 611
1662376574671 0.0 612
1662376575940 0.0 613
1662376577258 0.0 614
1662376578505 0.0 615
1662376579792 0.0 616
1662376581057 0.0 617
1662376582341 0.0 618
1662376583661 0.0 619
1662376584928 0.0 620
1662376586259 0.0 621
1662376587564 0.0 622
1662376588914 0.0 623
1662376590186 0.0 624
1662376591422 0.0 625
1662376592653 0.0 626
1662376593933 0.0 627
1662376595189 0.0 628
1662376596459 0.0 629
1662376597810 0.0 630
1662376599088 0.0 631
1662376600341 0.0 632
1662376601640 0.0 633
1662376602915 0.0 634
1662376604150 0.0 635
1662376605384 0.0 636
1662376606617 0.0 637
1662376607910 0.0 638
1662376609209 0.0 639
1662376610481 0.0 640
1662376611777 0.0 641
1662376613032 0.0 642
1662376614265 0.0 643
1662376615546 0.0 644
1662376616824 0.0 645
1662376618053 0.0 646
1662376619329 0.0 647
1662376620632 0.0 648
1662376621954 0.0 649
1662376623225 0.0 650
1662376624496 0.0 651
1662376625793 0.0 652
1662376627070 0.0 653
1662376628364 0.0 654
1662376629621 0.0 655
1662376630921 0.0 656
1662376632175 0.0 657
1662376633461 0.0 658
1662376634727 0.0 659
1662376635997 0.0 660
1662376637251 0.0 661
1662376638533 0.0 662
1662376639833 0.0 663
1662376641117 0.0 664
1662376642394 0.0 665
1662376643714 0.0 666
1662376644975 0.0 667
1662376646242 0.0 668
1662376647503 0.0 669
1662376648788 0.0 670
1662376650094 0.0 671
1662376651321 0.0 672
1662376652598 0.0 673
1662376653922 0.0 674
1662376655123 0.0 675
1662376656381 0.0 676
1662376657691 0.0 677
1662376659002 0.0 678
1662376660234 0.0 679
1662376661495 0.0 680
1662376662791 0.0 681
1662376664067 0.0 682
1662376665305 0.0 683
1662376666578 0.0 684
1662376667846 0.0 685
1662376669099 0.0 686
1662376670363 0.0 687
1662376671609 0.0 688
1662376672915 0.0 689
1662376674201 0.0 690
1662376675442 0.0 691
1662376676731 0.0 692
1662376677968 0.0 693
1662376679220 0.0 694
1662376680456 0.0 695
1662376681680 0.0 696
1662376682961 0.0 697
1662376684225 0.0 698
1662376685450 0.0 699
1662376686695 0.0 700
1662376687929 0.0 701
1662376689174 0.0 702
1662376690427 0.0 703
1662376691716 0.0 704
1662376693038 0.0 705
1662376694301 0.0 706
1662376695570 0.0 707
1662376696815 0.0 708
1662376698099 0.0 709
1662376699369 0.0 710
1662376700651 0.0 711
1662376701895 0.0 712
1662376703151 0.0 713
1662376704435 0.0 714
1662376705793 0.0 715
1662376707064 0.0 716
1662376708312 0.0 717
1662376709595 0.0 718
1662376710880 0.0 719
1662376712171 0.0 720
1662376713458 0.0 721
1662376714733 0.0 722
1662376716015 0.0 723
1662376717289 0.0 724
1662376718524 0.0 725
1662376719803 0.0 726
1662376721096 0.0 727
1662376722373 0.0 728
1662376723669 0.0 729
1662376724914 0.0 730
1662376726171 0.0 731
1662376727436 0.0 732
1662376728725 0.0 733
1662376729996 0.0 734
1662376731283 0.0 735
1662376732525 0.0 736
1662376733790 0.0 737
1662376735005 0.0 738
1662376736280 0.0 739
1662376737514 0.0 740
1662376738786 0.0 741
1662376740047 0.0 742
1662376741319 0.0 743
1662376742587 0.0 744
1662376743859 0.0 745
1662376745096 0.0 746
1662376746322 0.0 747
1662376747593 0.0 748
1662376748862 0.0 749
1662376750119 0.0 750
1662376751417 0.0 751
1662376752673 0.0 752
1662376753937 0.0 753
1662376755235 0.0 754
1662376756509 0.0 755
1662376757744 0.0 756
1662376759034 0.0 757
1662376760289 0.0 758
1662376761603 0.0 759
1662376762863 0.0 760
1662376764117 0.0 761
1662376765393 0.0 762
1662376766757 0.0 763
1662376768003 0.0 764
1662376769255 0.0 765
1662376770547 0.0 766
1662376771833 0.0 767
1662376773062 0.0 768
1662376774326 0.0 769
1662376775584 0.0 770
1662376776852 0.0 771
1662376778120 0.0 772
1662376779377 0.0 773
1662376780588 0.0 774
1662376781823 0.0 775
1662376783073 0.0 776
1662376784322 0.0 777
1662376785584 0.0 778
1662376786864 0.0 779
1662376788109 0.0 780
1662376789410 0.0 781
1662376790678 0.0 782
1662376791937 0.0 783
1662376793227 0.0 784
1662376794533 0.0 785
1662376795827 0.0 786
1662376797096 0.0 787
1662376798357 0.0 788
1662376799652 0.0 789
1662376800921 0.0 790
1662376802191 0.0 791
1662376803467 0.0 792
1662376804734 0.0 793
1662376805996 0.0 794
1662376807223 0.0 795
1662376808446 0.0 796
1662376809700 0.0 797
1662376810970 0.0 798
1662376811730 0.0 798
