1662375794575 0.9750769355361192 0
1662375795778 0.9828849721706865 1
1662375797156 0.9559793429566948 2
1662375798416 0.9685706313775511 3
1662375799677 0.9780444964871194 4
1662375800891 0.9787149234693877 5
1662375802131 0.960480093676815 6
1662375803401 0.9699856505102041 7
1662375804667 0.976113172541744 8
1662375805921 0.977015806322529 9
1662375807166 0.9717394770408163 10
1662375808414 0.9730747767857143 11
1662375809667 0.9772274763563962 12
1662375810954 0.9748883928571429 13
1662375812174 0.9806883279627641 14
1662375813400 0.9759930758017493 15
1662375814653 0.9760841836734694 16
1662375815883 0.9670786418015482 17
1662375817188 0.9801275510204082 18
1662375818459 0.9837585034013605 19
1662375819723 0.9766949152542372 20
1662375821043 0.9780771683673469 21
1662375822324 0.9643255739795918 22
1662375823565 0.9721147079521464 23
1662375824807 0.9854651162790697 24
1662375826065 0.9716136454581833 25
1662375827271 0.9816210575139147 26
1662375828558 0.9739118303571429 27
1662375829813 0.9668785547005687 28
1662375831070 0.9732908163265306 29
1662375832334 0.9857494722026742 30
1662375833615 0.9762809379070777 31
1662375834863 0.9743197278911565 32
1662375836134 0.9817736305048335 33
1662375837375 0.9543367346938776 34
1662375838633 0.9722177933673469 35
1662375839895 0.9789142219387755 36
1662375841148 0.9834183673469388 37
1662375842431 0.972158691062632 38
1662375843694 0.9779575892857143 39
1662375845012 0.9752425560388089 40
1662375846309 0.9595687331536388 41
1662375847596 0.9833616780045351 42
1662375848876 0.9770648825567964 43
1662375850118 0.9702248086734694 44
1662375851416 0.9855033359497645 45
1662375852675 0.9782873376623377 46
1662375853931 0.9718789859693877 47
1662375855190 0.9694674744897959 48
1662375856455 0.972124787414966 49
1662375857729 0.9772600446428571 50
1662375859016 0.9858439277350285 51
1662375860313 0.9741908482142857 52
1662375861653 0.9731940395205702 53
1662375862926 0.9751520800627943 54
1662375864187 0.9658492429229757 55
1662375865478 0.9839795918367347 56
1662375866750 0.969478862973761 57
1662375868060 0.963031822898651 58
1662375869304 0.9858058608058609 59
1662375870592 0.9783561862244898 60
1662375871905 0.9648384353741497 61
1662375873284 0.9775646865889213 62
1662375874556 0.9811662946428571 63
1662375875813 0.983114674441205 64
1662375877092 0.9790297474922173 65
1662375878333 0.9868745885450955 66
1662375879607 0.9837426496022138 67
1662375880899 0.980361956103196 68
1662375882163 0.9728954081632653 69
1662375883449 0.9714663643235072 70
1662375884718 0.9755460778061225 71
1662375885951 0.9789420485175202 72
1662375887228 0.9673947704081632 73
1662375888487 0.9729751275510204 74
1662375889762 0.9795715905409783 75
1662375891042 0.9809948979591837 76
1662375892297 0.976232993197279 77
1662375893546 0.9833928571428572 78
1662375894829 0.9656838697017268 79
1662375896075 0.9598014987244898 80
1662375897427 0.9848258268824771 81
1662375898729 0.9532445790816326 82
1662375899979 0.9441764987244898 83
1662375901286 0.976739332096475 84
1662375902566 0.9661458333333334 85
1662375903845 0.982780612244898 86
1662375905109 0.9800642479213908 87
1662375906401 0.9763655462184874 88
1662375907664 0.9762225644974971 89
1662375908932 0.9404894770408163 90
1662375910204 0.9675342793367347 91
1662375911499 0.9868367346938776 92
1662375912764 0.9829792572766811 93
1662375914043 0.9649832589285714 94
1662375915329 0.9749083227040817 95
1662375916609 0.9778698979591837 96
1662375917909 0.984297052154195 97
1662375919211 0.984737860661506 98
1662375920512 0.9737723214285714 99
1662375921811 0.982249149659864 100
1662375923093 0.9658801020408163 101
1662375924362 0.973264305722289 102
1662375925712 0.9836602744546095 103
1662375927000 0.9348891900510204 104
1662375928317 0.9807079081632653 105
1662375929627 0.9852319834183674 106
1662375930911 0.9802059712773998 107
1662375932257 0.9840691378592253 108
1662375933542 0.9751873405612245 109
1662375934808 0.9817503924646782 110
1662375936091 0.9841660802251935 111
1662375937380 0.961196588010204 112
1662375938639 0.9732142857142857 113
1662375939910 0.9756058673469388 114
1662375941219 0.9850322782174095 115
1662375942487 0.9604166666666667 116
1662375943698 0.9802875695732839 117
1662375944951 0.9725993075801749 118
1662375946256 0.967311924769908 119
1662375947538 0.9727654950869237 120
1662375948822 0.9848388218923934 121
1662375950106 0.9880420918367347 122
1662375951399 0.9777005629838142 123
1662375952640 0.974624060150376 124
1662375953953 0.9803093112244898 125
1662375955202 0.9810174069627852 126
1662375956491 0.9837173150510204 127
1662375957799 0.9790946039432722 128
1662375959062 0.9821673861852434 129
1662375960329 0.9783418367346939 130
1662375961562 0.9775093710953769 131
1662375962822 0.964485012755102 132
1662375964114 0.9835977359693877 133
1662375965395 0.9795121173469388 134
1662375966681 0.9691261119832548 135
1662375967982 0.9566326530612245 136
1662375969266 0.95299431247909 137
1662375970540 0.982780612244898 138
1662375971825 0.9856794990723562 139
1662375973120 0.982469150450878 140
1662375974400 0.9838907785336357 141
1662375975677 0.985969387755102 142
1662375976960 0.9764827806122449 143
1662375978209 0.960578762755102 144
1662375979493 0.9441366390306123 145
1662375980723 0.972329237817576 146
1662375982013 0.9823187895847995 147
1662375983261 0.9808928571428571 148
1662375984506 0.9458946369245372 149
1662375985774 0.9862182677949228 150
1662375987053 0.9812847866419295 151
1662375988320 0.9611475542597991 152
1662375989627 0.9829148764769066 153
1662375990919 0.9838665195808053 154
1662375992210 0.9764030612244898 155
1662375993490 0.9786152742346939 156
1662375994788 0.9836050273768043 157
1662375996057 0.9784558354591837 158
1662375997351 0.9760714285714286 159
1662375998596 0.9782764668367347 160
1662375999856 0.978156887755102 161
1662376001100 0.951430963010204 162
1662376002406 0.9788862353452019 163
1662376003709 0.9637675382653061 164
1662376004970 0.9854094076655052 165
1662376006215 0.9654217155612245 166
1662376007476 0.9837511091393079 167
1662376008751 0.9732142857142857 168
1662376010030 0.9754043126684636 169
1662376011304 0.9805764411027569 170
1662376012632 0.9825103770321688 171
1662376013932 0.9720982142857143 172
1662376015240 0.9765425701530612 173
1662376016540 0.9730747767857143 174
1662376017791 0.9864439962031324 175
1662376019071 0.9492785395408163 176
1662376020345 0.9836073318216175 177
1662376021624 0.9886532738095238 178
1662376022913 0.974791280148423 179
1662376024218 0.9844565733270052 180
1662376025522 0.9776187818877551 181
1662376026848 0.9672353316326531 182
1662376028150 0.9803093112244898 183
1662376029427 0.9702248086734694 184
1662376030686 0.9750079719387755 185
1662376032000 0.9797778486394558 186
1662376033306 0.987142034233048 187
1662376034583 0.9692548894557823 188
1662376035838 0.9804488201530612 189
1662376037134 0.9814413265306122 190
1662376038409 0.9820033482142857 191
1662376039690 0.9861378513669619 192
1662376040990 0.9838581984517946 193
1662376042247 0.9079810495626822 194
1662376043482 0.9633580705009277 195
1662376044769 0.9765130190007038 196
1662376046029 0.9865826138147566 197
1662376047297 0.9708895655036208 198
1662376048590 0.9158163265306123 199
1662376049833 0.9751133786848073 200
1662376051139 0.9492694805194806 201
1662376052444 0.9832530234315948 202
1662376053673 0.9684538994169096 203
1662376054953 0.9744300063775511 204
1662376056233 0.9518494897959183 205
1662376057503 0.9795719068877551 206
1662376058748 0.9869968820861678 207
1662376060014 0.9597233124018838 208
1662376061267 0.9788345025510204 209
1662376062525 0.9846706864564008 210
1662376063809 0.9790166066426571 211
1662376065101 0.9843379212149976 212
1662376066358 0.9792794668887963 213
1662376067655 0.9816619270659084 214
1662376068915 0.9508105661619487 215
1662376070214 0.9789645366343258 216
1662376071473 0.9686902104591837 217
1662376072718 0.9790736607142857 218
1662376073983 0.9853822481373502 219
1662376075252 0.9634762558869702 220
1662376076574 0.9756773399014779 221
1662376077883 0.981021287825475 222
1662376079151 0.9692881058673469 223
1662376080440 0.98046875 224
1662376081709 0.9793575593502707 225
1662376082996 0.9811561417019639 226
1662376084276 0.9690090880102041 227
1662376085532 0.973991549744898 228
1662376086796 0.9706101190476191 229
1662376088119 0.9518886501969208 230
1662376089393 0.9850340136054422 231
1662376090662 0.9819378644314869 232
1662376091939 0.9824465500485908 233
1662376093222 0.9723156307977736 234
1662376094459 0.9852095093356491 235
1662376095731 0.9865064446831364 236
1662376097007 0.9844443212067435 237
1662376098246 0.9852891156462585 238
1662376099557 0.9737125318877551 239
1662376100809 0.9656143707482994 240
1662376102078 0.9611168686224489 241
1662376103341 0.9794159042927516 242
1662376104572 0.9855338476854156 243
1662376105832 0.9810267857142857 244
1662376107107 0.9828204719387755 245
1662376108387 0.9691685267857143 246
1662376109677 0.9806659505907627 247
1662376110901 0.9838767538265306 248
1662376112193 0.9833238851095993 249
1662376113501 0.9404154518950437 250
1662376114761 0.9758467216673904 251
1662376116015 0.9745894451530612 252
1662376117278 0.9831320283215327 253
1662376118565 0.9836575255102041 254
1662376119874 0.9776998299319728 255
1662376121116 0.9856591285162714 256
1662376122394 0.9814239332096475 257
1662376123683 0.9597691535630646 258
1662376124943 0.9817419825072886 259
1662376126183 0.9703958196181699 260
1662376127432 0.9714109781843772 261
1662376128710 0.9692283163265306 262
1662376129932 0.9578853862973761 263
1662376131169 0.9769497084548104 264
1662376132432 0.983843537414966 265
1662376133696 0.9740114795918368 266
1662376134948 0.9761373299319728 267
1662376136228 0.9670758928571429 268
1662376137516 0.9639668367346939 269
1662376138784 0.9831632653061224 270
1662376140050 0.9401132404181185 271
1662376141327 0.9806057038199896 272
1662376142609 0.9611701237872198 273
1662376143839 0.9838075060532687 274
1662376145142 0.9848988702623906 275
1662376146443 0.985969387755102 276
1662376147720 0.9828005420918368 277
1662376149004 0.9805484693877551 278
1662376150294 0.9651227678571429 279
1662376151566 0.9783434650455927 280
1662376152879 0.9709024234693877 281
1662376154100 0.9836613216715258 282
1662376155381 0.9854512117346939 283
1662376156656 0.9679528061224489 284
1662376157938 0.9877881708238851 285
1662376159197 0.9841186474589836 286
1662376160489 0.9708578346592874 287
1662376161748 0.9830994897959183 288
1662376163048 0.985709961950882 289
1662376164321 0.983041987286718 290
1662376165622 0.9771908763505402 291
1662376166874 0.9578683035714286 292
1662376168159 0.9858798782670963 293
1662376169450 0.9748314504373178 294
1662376170757 0.9772274763563962 295
1662376172061 0.9711821169145625 296
1662376173327 0.9842015753669889 297
1662376174586 0.9821162840136054 298
1662376175931 0.9756139744033206 299
1662376177182 0.944076849489796 300
1662376178476 0.982871720116618 301
1662376179776 0.9472456951530612 302
1662376181025 0.9863830667402096 303
1662376182264 0.971061862244898 304
1662376183534 0.9860415864458991 305
1662376184798 0.9839380196523053 306
1662376186068 0.9851576994434137 307
1662376187377 0.9841107871720116 308
1662376188649 0.9763432716836735 309
1662376189919 0.9555763711734694 310
1662376191167 0.9811543367346939 311
1662376192431 0.9733936543367347 312
1662376193732 0.9853110599078341 313
1662376195020 0.9691884566326531 314
1662376196334 0.9869980250164582 315
1662376197601 0.9708870390261368 316
1662376198836 0.9801288936627283 317
1662376200134 0.9885685406237967 318
1662376201417 0.9757453762755102 319
1662376202691 0.9723772321428571 320
1662376203996 0.9838348604748022 321
1662376205260 0.9854113520408163 322
1662376206622 0.9800502232142857 323
1662376207933 0.9858099489795918 324
1662376209195 0.9738520408163265 325
1662376210495 0.9847518552875696 326
1662376211744 0.9352080676020408 327
1662376213001 0.9879889455782312 328
1662376214259 0.9814069858712716 329
1662376215560 0.9785104259094942 330
1662376216814 0.97911051212938 331
1662376218081 0.9717793367346939 332
1662376219338 0.9797880690737834 333
1662376220600 0.9845455624110109 334
1662376221898 0.9894707883153261 335
1662376223229 0.9613182007496877 336
1662376224515 0.9685047095761381 337
1662376225780 0.9361049107142857 338
1662376227038 0.9719387755102041 339
1662376228321 0.9862244897959184 340
1662376229588 0.9774593431122449 341
1662376230908 0.9891885325558795 342
1662376232192 0.9538624043367347 343
1662376233505 0.9838568239795918 344
1662376234783 0.9828404017857143 345
1662376236031 0.9852917729591837 346
1662376237287 0.9748015873015873 347
1662376238604 0.9759646045918368 348
1662376239898 0.9689968729427255 349
1662376241177 0.9823519571763132 350
1662376242440 0.9741908482142857 351
1662376243719 0.9721606033717834 352
1662376244979 0.9863338192419825 353
1662376246266 0.9861479591836735 354
1662376247548 0.9855867346938776 355
1662376248829 0.9858665240289665 356
1662376250113 0.9818239795918368 357
1662376251349 0.9660138248847926 358
1662376252632 0.9677734375 359
1662376253904 0.9851929902395741 360
1662376255162 0.9740114795918368 361
1662376256455 0.9597815688775511 362
1662376257756 0.9833386479591837 363
1662376259039 0.9831450437317785 364
1662376260305 0.9816836734693878 365
1662376261615 0.9784757653061225 366
1662376262920 0.9774194834183674 367
1662376264221 0.9859443777511004 368
1662376265485 0.9819927971188476 369
1662376266759 0.9806495769039323 370
1662376268025 0.9824862637362637 371
1662376269279 0.9630102040816326 372
1662376270539 0.9694475446428571 373
1662376271779 0.9644451530612245 374
1662376273074 0.9803890306122449 375
1662376274371 0.9818357898715041 376
1662376275644 0.9871194379391101 377
1662376276924 0.9290561224489796 378
1662376278188 0.9852446660482375 379
1662376279462 0.9455058619192358 380
1662376280710 0.9789179822872546 381
1662376282033 0.9807762390670554 382
1662376283317 0.9827022914428929 383
1662376284584 0.9668579931972789 384
1662376285892 0.9814878654164368 385
1662376287175 0.9851808905380334 386
1662376288414 0.9683106575963719 387
1662376289697 0.9660196109693877 388
1662376291003 0.9789540816326531 389
1662376292275 0.9796516262755102 390
1662376293529 0.9756235827664399 391
1662376294753 0.9856246552675124 392
1662376295996 0.9636479591836735 393
1662376297264 0.9747874149659864 394
1662376298521 0.9886798469387755 395
1662376299787 0.985670864090317 396
1662376301064 0.9865191766361717 397
1662376302316 0.9839923469387755 398
1662376303624 0.9780173788265306 399
1662376304883 0.9755274991352473 400
1662376306166 0.9859899605003292 401
1662376307485 0.9835778061224489 402
1662376308809 0.9857142857142858 403
1662376310067 0.9705275727312201 404
1662376311344 0.9639378478664193 405
1662376312630 0.9782514700795573 406
1662376313926 0.9841159119897959 407
1662376315173 0.9808051269288203 408
1662376316470 0.9501550620248099 409
1662376317756 0.9699258609693877 410
1662376319050 0.970085299744898 411
1662376320339 0.9841782457663917 412
1662376321601 0.9675048590864918 413
1662376322871 0.9833772218564846 414
1662376324126 0.9785355548469388 415
1662376325364 0.9874015395631937 416
1662376326661 0.9840561224489796 417
1662376327895 0.9719188456632653 418
1662376329143 0.9869260204081632 419
1662376330385 0.9697948328267477 420
1662376331665 0.9607182716836735 421
1662376332929 0.9842474489795918 422
1662376334173 0.9792154566744731 423
1662376335455 0.9656632653061225 424
1662376336743 0.9771896258503401 425
1662376338021 0.9860880398671097 426
1662376339266 0.9603768926925609 427
1662376340500 0.9839435774309724 428
1662376341786 0.985827664399093 429
1662376343048 0.9853914221938775 430
1662376344303 0.9863152888273954 431
1662376345569 0.9793556311413454 432
1662376346785 0.9605189732142857 433
1662376348027 0.9715003188775511 434
1662376349248 0.9736660289115646 435
1662376350508 0.9826610331632653 436
1662376351760 0.9635483099489796 437
1662376353061 0.9770658263305322 438
1662376354294 0.9879604280736685 439
1662376355569 0.9830994897959183 440
1662376356861 0.9828231292517007 441
1662376358121 0.980484693877551 442
1662376359428 0.9843351403061225 443
1662376360684 0.9844993081978554 444
1662376361933 0.9885454181672669 445
1662376363198 0.9624191139870583 446
1662376364476 0.9826001155179053 447
1662376365756 0.9601004464285714 448
1662376367030 0.9808897243107769 449
1662376368266 0.9846340880102041 450
1662376369524 0.9823222257653061 451
1662376370774 0.9767817283163265 452
1662376372062 0.9868697478991597 453
1662376373321 0.98520003239391 454
1662376374572 0.9655014349489796 455
1662376375840 0.9842383381924198 456
1662376377135 0.978515625 457
1662376378452 0.976203762755102 458
1662376379832 0.9861060495626822 459
1662376381139 0.9829856049562682 460
1662376382481 0.982923781757601 461
1662376383697 0.9798841411564626 462
1662376384972 0.9771908763505402 463
1662376386249 0.9688895089285714 464
1662376387607 0.9593367346938776 465
1662376388897 0.9686743341404358 466
1662376390196 0.9835503166783955 467
1662376391472 0.9885515181682429 468
1662376392737 0.949589618456078 469
1662376394021 0.973991549744898 470
1662376395320 0.9841297095761381 471
1662376396591 0.9839554242749732 472
1662376397863 0.9669367747098839 473
1662376399092 0.9805683992346939 474
1662376400379 0.981804049744898 475
1662376401722 0.9708625637755102 476
1662376402986 0.9853714923469388 477
1662376404239 0.9851721938775511 478
1662376405509 0.9788345025510204 479
1662376406783 0.9799174989144595 480
1662376408058 0.9860908649173955 481
1662376409308 0.9901020408163266 482
1662376410573 0.9873777636054422 483
1662376411841 0.9802893813775511 484
1662376413135 0.9836038961038961 485
1662376414388 0.9684969225785552 486
1662376415631 0.977118908788005 487
1662376416883 0.978202441690962 488
1662376418161 0.9596819196428571 489
1662376419418 0.9833785076530612 490
1662376420705 0.9727390956382553 491
1662376421909 0.9787333202511774 492
1662376423192 0.9491191007653061 493
1662376424440 0.9614752680733311 494
1662376425791 0.9704440369897959 495
1662376427050 0.9853976073187896 496
1662376428265 0.9846938775510204 497
1662376429539 0.9845976126299576 498
1662376430797 0.9841787676609105 499
1662376432012 0.9790712203248646 500
1662376433279 0.9716996173469388 501
1662376434518 0.9853117028061225 502
1662376435779 0.9774207555362571 503
1662376437042 0.9857617465590888 504
1662376438324 0.9762154861944778 505
1662376439588 0.9790142472083173 506
1662376440866 0.9683314732142857 507
1662376442143 0.9787862513426423 508
1662376443395 0.9667267769176636 509
1662376444635 0.9773106357927787 510
1662376445895 0.9818239795918368 511
1662376447110 0.9797647872708405 512
1662376448376 0.9819750268528464 513
1662376449698 0.986014941690962 514
1662376450977 0.9756656568877551 515
1662376452262 0.9808673469387755 516
1662376453492 0.9820033482142857 517
1662376454731 0.9867400085034014 518
1662376456005 0.9869260204081632 519
1662376457332 0.9782166772959183 520
1662376458629 0.9850440176070429 521
1662376459875 0.9797448979591836 522
1662376461147 0.9293486926020408 523
1662376462409 0.9890518707482994 524
1662376463720 0.9832841031149302 525
1662376465026 0.9762436224489796 526
1662376466271 0.9846655328798186 527
1662376467553 0.982803389212828 528
1662376468844 0.9602798150510204 529
1662376470144 0.9620735012755102 530
1662376471383 0.9642059948979592 531
1662376472617 0.9842847516365036 532
1662376473887 0.99028293135436 533
1662376475188 0.9767020089285714 534
1662376476467 0.9490194515306123 535
1662376477750 0.9877386438446346 536
1662376479040 0.9688971742543171 537
1662376480311 0.9641097818437719 538
1662376481543 0.9840361926020408 539
1662376482780 0.9828026038001407 540
1662376484064 0.9801384839650146 541
1662376485350 0.9822448979591837 542
1662376486608 0.9846574344023323 543
1662376487883 0.9829719387755103 544
1662376489169 0.9849447975911676 545
1662376490437 0.9801267281105991 546
1662376491698 0.9702168367346938 547
1662376492956 0.9670424621461488 548
1662376494196 0.9808673469387755 549
1662376495481 0.9761457214464733 550
1662376496832 0.9828826530612245 551
1662376498080 0.965561224489796 552
1662376499383 0.9815449617346939 553
1662376500634 0.9790537308673469 554
1662376501939 0.976601706256273 555
1662376503236 0.9790869472789115 556
1662376504507 0.9786410018552876 557
1662376505773 0.978156887755102 558
1662376507052 0.9680923150510204 559
1662376508321 0.9879997917534361 560
1662376509610 0.9483070500927644 561
1662376510870 0.985671768707483 562
1662376512147 0.9822425063775511 563
1662376513425 0.9783653846153846 564
1662376514690 0.9867999525391552 565
1662376515928 0.9870689655172413 566
1662376517222 0.9674346301020408 567
1662376518523 0.9883381924198251 568
1662376519874 0.9543805803571429 569
1662376521153 0.9642657844387755 570
1662376522435 0.9676020408163265 571
1662376523732 0.9810666454081632 572
1662376525017 0.9863338192419825 573
1662376526313 0.9862182677949228 574
1662376527580 0.9813655931122449 575
1662376528857 0.968562424969988 576
1662376530148 0.9827606823979592 577
1662376531390 0.9820432079081632 578
1662376532690 0.9823101371696219 579
1662376533992 0.981203007518797 580
1662376535258 0.9787149234693877 581
1662376536517 0.9786551339285714 582
1662376537800 0.9652295918367347 583
1662376539046 0.9840561224489796 584
1662376540330 0.962063857801185 585
1662376541547 0.9562938456632653 586
1662376542793 0.986359850062474 587
1662376544037 0.9831349206349206 588
1662376545330 0.987326313504125 589
1662376546599 0.9879668848671544 590
1662376547899 0.9804970375246873 591
1662376549165 0.9818027210884354 592
1662376550439 0.9821229272959183 593
1662376551681 0.9824816645408163 594
1662376552934 0.985897189064305 595
1662376554200 0.9683314732142857 596
1662376555475 0.9864299886621315 597
1662376556810 0.9857019420671495 598
1662376558076 0.9854591836734694 599
1662376559359 0.9719587053571429 600
1662376560670 0.961296237244898 601
1662376561918 0.9830741820537738 602
1662376563197 0.9716996173469388 603
1662376564408 0.9712519623233908 604
1662376565682 0.9847598522167488 605
1662376566964 0.9819266689726738 606
1662376568267 0.9792484301412873 607
1662376569534 0.9813482770157244 608
1662376570833 0.9718989158163265 609
1662376572119 0.9864049278247885 610
1662376573412 0.9518622448979592 611
1662376574660 0.9718728008444757 612
1662376575927 0.9805900621118012 613
1662376577244 0.9552774234693877 614
1662376578492 0.9763085789871504 615
1662376579777 0.9626803307529909 616
1662376581043 0.9752992543171115 617
1662376582331 0.985450536146662 618
1662376583645 0.9817337312283404 619
1662376584914 0.9680059523809523 620
1662376586244 0.9811142198815009 621
1662376587550 0.9806680484693877 622
1662376588900 0.9894416099773242 623
1662376590172 0.9839764030612245 624
1662376591407 0.9846069109461967 625
1662376592642 0.966015219647181 626
1662376593919 0.9685292386185244 627
1662376595176 0.9849165856818918 628
1662376596445 0.9747887436224489 629
1662376597796 0.9690290178571429 630
1662376599073 0.9850266193433895 631
1662376600327 0.9688010204081633 632
1662376601625 0.9813855229591837 633
1662376602901 0.9774394132653061 634
1662376604135 0.9866562009419152 635
1662376605374 0.9380668934240363 636
1662376606603 0.9840170762182424 637
1662376607895 0.9861819727891157 638
1662376609194 0.9864570828331333 639
1662376610468 0.9393734056122449 640
1662376611762 0.9803996598639456 641
1662376613022 0.9800765306122449 642
1662376614250 0.9748286033163265 643
1662376615535 0.9857501594387755 644
1662376616812 0.988056586270872 645
1662376618041 0.9792375283446711 646
1662376619316 0.9826020408163265 647
1662376620620 0.9702845982142857 648
1662376621939 0.9870854591836735 649
1662376623210 0.9831047172967547 650
1662376624486 0.9823620854591837 651
1662376625778 0.9755333951762524 652
1662376627056 0.9834791059280855 653
1662376628351 0.9684311224489796 654
1662376629609 0.9852366478506296 655
1662376630908 0.9790338010204082 656
1662376632165 0.9564931441326531 657
1662376633447 0.9819775132275133 658
1662376634711 0.9767418686224489 659
1662376635987 0.9856366459627329 660
1662376637237 0.9784953455066236 661
1662376638519 0.982202183198861 662
1662376639818 0.9663384885204082 663
1662376641102 0.9769427001569859 664
1662376642380 0.9876417233560091 665
1662376643699 0.9623937074829932 666
1662376644963 0.9859954185755935 667
1662376646232 0.9813419553868059 668
1662376647489 0.9863195278111244 669
1662376648777 0.9667846730528946 670
1662376650081 0.9727295918367347 671
1662376651311 0.9861288265306123 672
1662376652584 0.9751935256861365 673
1662376653912 0.9840561224489796 674
1662376655113 0.9832987882653061 675
1662376656367 0.9838767538265306 676
1662376657676 0.9633103241296519 677
1662376658986 0.9790935905612245 678
1662376660223 0.9540610599078341 679
1662376661481 0.9858298788265306 680
1662376662777 0.9726757369614513 681
1662376664053 0.9874441964285714 682
1662376665295 0.9810113561553654 683
1662376666564 0.9690090880102041 684
1662376667831 0.9868075801749271 685
1662376669086 0.9663429888084266 686
1662376670349 0.98359343737495 687
1662376671596 0.985442986718497 688
1662376672901 0.9451331313775511 689
1662376674190 0.9753254750175933 690
1662376675432 0.9746838952972493 691
1662376676716 0.9615951849489796 692
1662376677954 0.9688823642664613 693
1662376679206 0.984573546399692 694
1662376680440 0.9887329931972789 695
1662376681668 0.9893707482993197 696
1662376682951 0.9793925382653061 697
1662376684210 0.9825954575378538 698
1662376685436 0.9853428213390619 699
1662376686682 0.9776184058529072 700
1662376687916 0.9833959899749374 701
1662376689161 0.9806481186224489 702
1662376690413 0.9849131058673469 703
1662376691702 0.9852607709750567 704
1662376693025 0.9750492302184032 705
1662376694291 0.9824812578092461 706
1662376695556 0.9830445109078114 707
1662376696805 0.9727253401360544 708
1662376698085 0.9857188411078717 709
1662376699355 0.9631696428571429 710
1662376700637 0.9608777104591837 711
1662376701885 0.9836973852040817 712
1662376703136 0.9787149234693877 713
1662376704421 0.9815340909090909 714
1662376705777 0.9815710767065446 715
1662376707053 0.9782939491586108 716
1662376708297 0.9834183673469388 717
1662376709584 0.9774234693877552 718
1662376710865 0.9595623405612245 719
1662376712157 0.9802096619897959 720
1662376713444 0.9838065661047027 721
1662376714719 0.9869337979094077 722
1662376716000 0.9699344023323615 723
1662376717278 0.9531648596938775 724
1662376718515 0.9814253826530612 725
1662376719789 0.9878061224489796 726
1662376721084 0.9885464389837567 727
1662376722360 0.985584328070851 728
1662376723656 0.9705436862244898 729
1662376724901 0.9892625231910946 730
1662376726159 0.9690489477040817 731
1662376727426 0.9769610969387755 732
1662376728711 0.9721779336734694 733
1662376729982 0.9787348533163265 734
1662376731269 0.9854910714285714 735
1662376732515 0.9879846938775511 736
1662376733780 0.9804499072356215 737
1662376734993 0.9785953443877551 738
1662376736270 0.9805285395408163 739
1662376737500 0.9803378898729304 740
1662376738775 0.9583266900510204 741
1662376740034 0.9871740362811792 742
1662376741309 0.9823222257653061 743
1662376742577 0.9802006029684601 744
1662376743845 0.9642629373177842 745
1662376745086 0.9860321177651389 746
1662376746308 0.9753401360544218 747
1662376747583 0.9810900550696469 748
1662376748852 0.9878084954912197 749
1662376750108 0.9882774538386784 750
1662376751404 0.9828404017857143 751
1662376752661 0.9846216788602233 752
1662376753924 0.9826530612244898 753
1662376755222 0.9881519274376417 754
1662376756494 0.9806956436420722 755
1662376757733 0.9733537946428571 756
1662376759019 0.9648171768707483 757
1662376760278 0.9778623313732273 758
1662376761588 0.9577215032354405 759
1662376762849 0.974824355971897 760
1662376764107 0.957389987244898 761
1662376765379 0.9783163265306123 762
1662376766742 0.9729153380102041 763
1662376767988 0.9786691272253583 764
1662376769241 0.9846513605442176 765
1662376770533 0.9861944777911165 766
1662376771818 0.9827097505668935 767
1662376773052 0.9757453762755102 768
1662376774316 0.9844148596938775 769
1662376775570 0.9837617739403454 770
1662376776841 0.9819862155388471 771
1662376778110 0.9853629976580797 772
1662376779367 0.9882908163265306 773
1662376780578 0.9807676977040817 774
1662376781813 0.9719587053571429 775
1662376783059 0.9851624323198668 776
1662376784308 0.9676948051948052 777
1662376785571 0.9676937181122449 778
1662376786854 0.9831905976676385 779
1662376788099 0.9890347267939433 780
1662376789395 0.976203762755102 781
1662376790667 0.9763432716836735 782
1662376791922 0.9520457221350078 783
1662376793213 0.9896258503401361 784
1662376794519 0.9755184331797235 785
1662376795813 0.947006536989796 786
1662376797086 0.9836162913441239 787
1662376798344 0.9768157262905162 788
1662376799638 0.9841557716836735 789
1662376800907 0.9789859693877551 790
1662376802177 0.9801785714285715 791
1662376803453 0.9878826530612245 792
1662376804721 0.9802179962894249 793
1662376805986 0.9464086415816326 794
1662376807211 0.9874478200371057 795
1662376808436 0.9726288056206089 796
1662376809685 0.9690806878306878 797
1662376810956 0.9782122032486464 798
1662376811704 0.978545918367347 799
