1662375794577 0.016122571600240335 0
1662375795780 0.008106012546697681 1
1662375797158 0.05718107339909714 2
1662375798417 0.038869848700158825 3
1662375799678 0.02144133412745682 4
1662375800892 0.03524342401440607 5
1662375802132 0.03656809305120391 6
1662375803402 0.01972842461513063 7
1662375804669 0.037209302325581395 8
1662375805922 0.028882710094762527 9
1662375807167 0.04001209433581939 10
1662375808415 0.038425271098538424 11
1662375809669 0.02025085518814139 12
1662375810955 0.022538839249778637 13
1662375812176 0.008657851838435066 14
1662375813402 0.015118122414259753 15
1662375814654 0.014208456243854474 16
1662375815884 0.031160679257972314 17
1662375817190 0.019022522337052743 18
1662375818460 0.012469447781598244 19
1662375819725 0.017353983952229892 20
1662375821044 0.020443098396813377 21
1662375822326 0.037368813946339965 22
1662375823566 0.027994902293967713 23
1662375824808 0.012544553997130028 24
1662375826067 0.04026678302063205 25
1662375827272 0.018936170212765956 26
1662375828559 0.03387601995436792 27
1662375829814 0.0375671460752036 28
1662375831071 0.029035306245167942 29
1662375832336 0.011546152357608206 30
1662375833616 0.033711507293354946 31
1662375834864 0.009121590805436468 32
1662375836135 0.01773423451354871 33
1662375837376 0.04132585124595777 34
1662375838634 0.028151034668099973 35
1662375839896 0.0267881302426265 36
1662375841150 0.00602990834539315 37
1662375842432 0.021223330717782013 38
1662375843695 0.024846983386767708 39
1662375845015 0.018961112688049956 40
1662375846310 0.02976735224700159 41
1662375847598 0.012723642485220999 42
1662375848877 0.03214407356948229 43
1662375850119 0.02835868187579214 44
1662375851417 0.01506252746813696 45
1662375852676 0.009290828503239005 46
1662375853932 0.02592016588906169 47
1662375855191 0.04567808249523725 48
1662375856457 0.029326082734511556 49
1662375857731 0.019909584912553086 50
1662375859018 0.019084430486773767 51
1662375860314 0.023423681820354703 52
1662375861654 0.014579632918886915 53
1662375862927 0.02809245618491237 54
1662375864188 0.024464941990343735 55
1662375865479 0.009169077794531154 56
1662375866752 0.027155666992478008 57
1662375868062 0.07633769322235434 58
1662375869305 0.013440614428088141 59
1662375870594 0.019636101603314717 60
1662375871906 0.04559833346192423 61
1662375873286 0.02262812410812574 62
1662375874558 0.018867043384859665 63
1662375875814 0.009729208711105755 64
1662375877093 0.02171864290610007 65
1662375878334 0.008357328464077534 66
1662375879608 0.0164665098427634 67
1662375880900 0.016863678541170775 68
1662375882164 0.018962481376134363 69
1662375883451 0.022229151817533856 70
1662375884720 0.022439091440156697 71
1662375885952 0.00710430227020162 72
1662375887229 0.025259067357512953 73
1662375888488 0.036457659987071754 74
1662375889763 0.023083548664944015 75
1662375891044 0.01526831823965272 76
1662375892299 0.03446126447016919 77
1662375893547 0.010551916212293571 78
1662375894830 0.04116647190056305 79
1662375896077 0.029567795287876425 80
1662375897429 0.033895556276354204 81
1662375898730 0.022957910497421394 82
1662375899981 0.037444084528767546 83
1662375901287 0.01661191060108278 84
1662375902567 0.028520680030449126 85
1662375903846 0.013307723967622444 86
1662375905110 0.012916297328099279 87
1662375906402 0.023278888719279498 88
1662375907665 0.025692218777912047 89
1662375908934 0.06399383191981496 90
1662375910205 0.03396479142747799 91
1662375911500 0.007010014306151645 92
1662375912765 0.012975835815954982 93
1662375914044 0.028574844571975132 94
1662375915330 0.047109983692697956 95
1662375916610 0.01973973973973974 96
1662375917911 0.020651522217040835 97
1662375919213 0.02167509587061635 98
1662375920514 0.02175735558305721 99
1662375921812 0.02038808906375749 100
1662375923094 0.030698841413917793 101
1662375924364 0.029520808230605246 102
1662375925713 0.014221642963928393 103
1662375927001 0.06957250628667226 104
1662375928318 0.025597985732270248 105
1662375929628 0.01548401470424418 106
1662375930912 0.014376358876514176 107
1662375932259 0.012712042766342552 108
1662375933544 0.02889576883384933 109
1662375934809 0.016413244280233052 110
1662375936092 0.014670392480630002 111
1662375937382 0.051505485100754686 112
1662375938641 0.024412559783738824 113
1662375939912 0.023538799122282066 114
1662375941220 0.010522690747685009 115
1662375942488 0.04522666103752177 116
1662375943700 0.01013813204916994 117
1662375944952 0.030367787650433024 118
1662375946257 0.027625189077302763 119
1662375947540 0.022599131158147705 120
1662375948823 0.006747438928289992 121
1662375950107 0.008579773640014604 122
1662375951401 0.013656538067599864 123
1662375952641 0.018145591688607413 124
1662375953954 0.013062198173037762 125
1662375955204 0.02412093815999111 126
1662375956492 0.014651213645309425 127
1662375957801 0.017778116893026094 128
1662375959064 0.01680495303879038 129
1662375960330 0.018890977443609024 130
1662375961563 0.017209391593628047 131
1662375962823 0.04209616049809754 132
1662375964115 0.02153896077556484 133
1662375965397 0.009844730756524612 134
1662375966682 0.023329997498123593 135
1662375967983 0.06570095972732981 136
1662375969268 0.06470465456063453 137
1662375970541 0.01473270660867125 138
1662375971826 0.018603827072997875 139
1662375973121 0.016998827667057445 140
1662375974401 0.006760794860301808 141
1662375975678 0.01131082558775287 142
1662375976961 0.010903374694805847 143
1662375978210 0.045253164556962024 144
1662375979494 0.050976613821494265 145
1662375980724 0.03640749467070571 146
1662375982014 0.024777191918249265 147
1662375983263 0.02453664700926706 148
1662375984507 0.03832003169751514 149
1662375985775 0.01599404872605542 150
1662375987054 0.00781388740898597 151
1662375988322 0.0567712506934599 152
1662375989629 0.017096551042593142 153
1662375990921 0.00887705281846427 154
1662375992212 0.015477344317906469 155
1662375993491 0.016861322597361183 156
1662375994790 0.01720269259536275 157
1662375996058 0.014218668520771771 158
1662375997352 0.015821519043598062 159
1662375998597 0.02123532922220012 160
1662375999858 0.014697439430474222 161
1662376001101 0.0542562679615499 162
1662376002408 0.025567227898498586 163
1662376003711 0.060762661154327366 164
1662376004971 0.01581325301204819 165
1662376006216 0.03228117493362552 166
1662376007477 0.012513210737687592 167
1662376008752 0.01729106628242075 168
1662376010031 0.0201887900275507 169
1662376011306 0.025412638777491663 170
1662376012634 0.013931065897358033 171
1662376013933 0.029129090986070538 172
1662376015242 0.01825611036137352 173
1662376016541 0.03935218070748686 174
1662376017793 0.0116153079356824 175
1662376019072 0.06829631732065565 176
1662376020346 0.020059393735641844 177
1662376021625 0.008503128509545965 178
1662376022915 0.02141167192429022 179
1662376024219 0.02096356973485665 180
1662376025523 0.01918731079179636 181
1662376026849 0.031195450194267695 182
1662376028152 0.014121321158219898 183
1662376029428 0.02014361300075586 184
1662376030688 0.02073479889515305 185
1662376032002 0.03251605370694688 186
1662376033308 0.013669213297542846 187
1662376034584 0.030361950344002395 188
1662376035840 0.016468338291542713 189
1662376037135 0.014400443090556632 190
1662376038411 0.01628477644284394 191
1662376039691 0.007930092004465488 192
1662376040991 0.020933687480304327 193
1662376042248 0.04847396768402154 194
1662376043483 0.029509333069267712 195
1662376044771 0.019456470710969693 196
1662376046030 0.011293634496919919 197
1662376047298 0.02553482215295273 198
1662376048592 0.10744658784484547 199
1662376049835 0.01845728668015595 200
1662376051141 0.050061614294516325 201
1662376052445 0.010502808890749851 202
1662376053674 0.04389086595492289 203
1662376054954 0.026384972037665502 204
1662376056235 0.038319923632892404 205
1662376057505 0.021204442125661475 206
1662376058749 0.011504549955207695 207
1662376060016 0.03781400320684126 208
1662376061268 0.0219527760051053 209
1662376062526 0.009785831960461285 210
1662376063811 0.015371434331216611 211
1662376065103 0.013576025744167337 212
1662376066359 0.02881313759641702 213
1662376067657 0.01339662447257384 214
1662376068916 0.05872557182739874 215
1662376070215 0.01755112801777711 216
1662376071475 0.03279231533620404 217
1662376072719 0.016846425503483822 218
1662376073984 0.020650683508538662 219
1662376075254 0.026728538283062646 220
1662376076575 0.022901409643144393 221
1662376077884 0.0183721080940963 222
1662376079152 0.02433639947437582 223
1662376080442 0.00938228071280146 224
1662376081710 0.013713687516356975 225
1662376082997 0.012672252614084898 226
1662376084277 0.043787084758976136 227
1662376085534 0.014446126671713348 228
1662376086798 0.024474368060477203 229
1662376088121 0.073167055986738 230
1662376089394 0.012960772718312636 231
1662376090664 0.014439805149617258 232
1662376091940 0.021154666829238555 233
1662376093224 0.020834475574318768 234
1662376094460 0.01286650404170852 235
1662376095732 0.020364195947678892 236
1662376097008 0.023547668848255852 237
1662376098247 0.01093140701911398 238
1662376099559 0.020086580086580087 239
1662376100810 0.0398478642480983 240
1662376102080 0.04971875860441333 241
1662376103342 0.02129648445437919 242
1662376104573 0.006409074142382885 243
1662376105834 0.018637018077107662 244
1662376107108 0.015401390213983917 245
1662376108389 0.04953809077520418 246
1662376109678 0.015153178873394093 247
1662376110902 0.009315450904235951 248
1662376112195 0.018181045834926298 249
1662376113503 0.09042417000938807 250
1662376114763 0.033005211349160395 251
1662376116017 0.028838967775970458 252
1662376117279 0.013911620294599018 253
1662376118566 0.01797945205479452 254
1662376119875 0.01961427985227739 255
1662376121118 0.010754781254562265 256
1662376122395 0.012718224188324512 257
1662376123684 0.07057529078906004 258
1662376124945 0.01774607703281027 259
1662376126184 0.015246603662138217 260
1662376127433 0.03333687227943519 261
1662376128711 0.021539388462117788 262
1662376129934 0.025015782828282828 263
1662376131170 0.022754323321431073 264
1662376132433 0.0055795225769341384 265
1662376133697 0.02110839445802771 266
1662376134949 0.03038142221152689 267
1662376136229 0.028148266114583747 268
1662376137517 0.025660926509822945 269
1662376138786 0.01652321995673586 270
1662376140052 0.05652508661619402 271
1662376141328 0.025438414084702293 272
1662376142610 0.07273149761821773 273
1662376143840 0.010117421165349678 274
1662376145144 0.014232770856331808 275
1662376146444 0.016062246894480593 276
1662376147721 0.023316690096466138 277
1662376149005 0.01114938928906984 278
1662376150295 0.03183475091130012 279
1662376151567 0.020030251638630425 280
1662376152880 0.02866221998489806 281
1662376154101 0.01154001209433582 282
1662376155383 0.026506801440937686 283
1662376156658 0.0334503950834065 284
1662376157940 0.008613755195066363 285
1662376159199 0.010010284538909838 286
1662376160491 0.0273511466442247 287
1662376161749 0.013265746333045728 288
1662376163050 0.007821265923041384 289
1662376164322 0.01722413118176678 290
1662376165623 0.01762019645011201 291
1662376166876 0.062344582593250444 292
1662376168161 0.015620431858998455 293
1662376169452 0.029311031461569097 294
1662376170758 0.02246949030868629 295
1662376172062 0.03156326198862097 296
1662376173329 0.01167518370696408 297
1662376174588 0.025563476632822064 298
1662376175932 0.023769015212169734 299
1662376177183 0.10357098264452491 300
1662376178478 0.011480695132499804 301
1662376179777 0.07867627435281559 302
1662376181026 0.013020199561937212 303
1662376182265 0.03578420213976781 304
1662376183535 0.014359792580773833 305
1662376184799 0.012208016918196674 306
1662376186069 0.01361972437553833 307
1662376187378 0.009406698022326741 308
1662376188650 0.01451660686658547 309
1662376189921 0.03899343384321925 310
1662376191169 0.0099000099000099 311
1662376192432 0.025628673282589845 312
1662376193733 0.013213865508190786 313
1662376195021 0.0347895303647516 314
1662376196335 0.010363193018480493 315
1662376197602 0.022589531680440773 316
1662376198837 0.022337924084648974 317
1662376200135 0.008456227787082805 318
1662376201418 0.02120626743936467 319
1662376202693 0.019164708009401555 320
1662376203998 0.012307692307692308 321
1662376205261 0.01018462007934086 322
1662376206624 0.01750691062261419 323
1662376207935 0.014036899676071546 324
1662376209196 0.03091231654212139 325
1662376210496 0.011433597185576077 326
1662376211745 0.0717750108585493 327
1662376213002 0.007747733787867049 328
1662376214261 0.016944243301955104 329
1662376215562 0.024247618087412413 330
1662376216816 0.012795136434327725 331
1662376218082 0.030945833878922788 332
1662376219339 0.01383962028478641 333
1662376220602 0.011953143676786996 334
1662376221899 0.009448701733501971 335
1662376223230 0.025527481114873664 336
1662376224517 0.0328686972982275 337
1662376225781 0.056357579122709604 338
1662376227039 0.01843930843607347 339
1662376228322 0.010551995767444595 340
1662376229590 0.018779840848806365 341
1662376230910 0.016245487364620937 342
1662376232193 0.0419302299155335 343
1662376233507 0.019170637284097677 344
1662376234785 0.026730637422892393 345
1662376236032 0.015315380706975393 346
1662376237289 0.02315067812608674 347
1662376238605 0.02755310303121929 348
1662376239900 0.03676675653063122 349
1662376241179 0.021655396730291876 350
1662376242441 0.019651238218796503 351
1662376243720 0.019675802495467635 352
1662376244981 0.009404743919021 353
1662376246267 0.007773042929292929 354
1662376247550 0.012941587967820916 355
1662376248831 0.01821056927157723 356
1662376250114 0.021183448665442733 357
1662376251350 0.04996708754712465 358
1662376252633 0.03401118905958618 359
1662376253905 0.011761719411067862 360
1662376255163 0.02030558237075996 361
1662376256456 0.03989963245688437 362
1662376257757 0.01382306477093207 363
1662376259040 0.01566977905149302 364
1662376260306 0.016639009732250975 365
1662376261617 0.025491825990579108 366
1662376262921 0.014679812148166578 367
1662376264223 0.008785131776976655 368
1662376265486 0.014933390631714654 369
1662376266760 0.01629907060618671 370
1662376268026 0.01405462741978255 371
1662376269280 0.047656960873521385 372
1662376270540 0.029291849740727547 373
1662376271780 0.0465696686491079 374
1662376273075 0.016654821864474863 375
1662376274372 0.024267379210653115 376
1662376275645 0.011532570501847013 377
1662376276925 0.07318422872953655 378
1662376278189 0.011795848232944783 379
1662376279463 0.06481358336658244 380
1662376280712 0.02448792290684577 381
1662376282034 0.014132147159670096 382
1662376283319 0.016838368972383343 383
1662376284586 0.05807488780226405 384
1662376285894 0.016030200240726558 385
1662376287176 0.012117215513333059 386
1662376288415 0.020368969330151893 387
1662376289699 0.03327907397359378 388
1662376291005 0.008048768871743583 389
1662376292277 0.010908237869961293 390
1662376293530 0.016174140020508997 391
1662376294754 0.006629329066178992 392
1662376295997 0.02857628848443613 393
1662376297266 0.024199386397324968 394
1662376298523 0.007120618969822139 395
1662376299788 0.008058093230264698 396
1662376301066 0.010689750777856505 397
1662376302317 0.017958187917189037 398
1662376303626 0.01591728453846677 399
1662376304885 0.030618109619102357 400
1662376306167 0.00909090909090909 401
1662376307487 0.03175026680896478 402
1662376308810 0.014082483115390142 403
1662376310068 0.03342734291922881 404
1662376311345 0.030912871209446472 405
1662376312631 0.022293906810035843 406
1662376313927 0.018233667473211198 407
1662376315175 0.022440315377405304 408
1662376316472 0.06463248772987996 409
1662376317758 0.05435819187488079 410
1662376319052 0.03298976300659094 411
1662376320341 0.01562817130099452 412
1662376321602 0.01956204379562044 413
1662376322872 0.015984142381173294 414
1662376324128 0.01566127299816361 415
1662376325365 0.009422945274433214 416
1662376326663 0.009195865216807625 417
1662376327896 0.016935352548444877 418
1662376329144 0.006677477821234379 419
1662376330386 0.025 420
1662376331666 0.030114074019733705 421
1662376332930 0.01131197422588151 422
1662376334174 0.016682031695860224 423
1662376335456 0.029653886387410743 424
1662376336744 0.02458120903131828 425
1662376338022 0.013889716840536514 426
1662376339267 0.04112691726933164 427
1662376340501 0.01858352260995251 428
1662376341788 0.01293800539083558 429
1662376343050 0.012463249392816055 430
1662376344304 0.012195709809592673 431
1662376345571 0.019390323482800412 432
1662376346787 0.057993481198823436 433
1662376348029 0.04800080673624767 434
1662376349249 0.032 435
1662376350510 0.017733622677336226 436
1662376351761 0.052135678391959796 437
1662376353062 0.021064078295541504 438
1662376354295 0.005911938586429012 439
1662376355570 0.019238876326984247 440
1662376356862 0.013014770428609596 441
1662376358122 0.00843321610564846 442
1662376359430 0.009913767818384467 443
1662376360685 0.00735440931780366 444
1662376361935 0.01038830778048431 445
1662376363199 0.03285832057472618 446
1662376364478 0.019919875361673715 447
1662376365757 0.03673955651204796 448
1662376367031 0.009918340167525321 449
1662376368268 0.009737985147821213 450
1662376369525 0.016458816705336426 451
1662376370775 0.03442289272030651 452
1662376372064 0.0135499142927108 453
1662376373322 0.012996558751795798 454
1662376374574 0.03681727194738347 455
1662376375841 0.0120086619856946 456
1662376377136 0.018415198920614082 457
1662376378453 0.023072625698324023 458
1662376379833 0.008377500427423492 459
1662376381141 0.017569225376796355 460
1662376382483 0.01620659623613162 461
1662376383699 0.026551847865087908 462
1662376384973 0.01664145234493192 463
1662376386250 0.02907221707255414 464
1662376387609 0.06995696364801758 465
1662376388898 0.03144080925909049 466
1662376390198 0.014126510751844295 467
1662376391473 0.011014686248331108 468
1662376392738 0.03680073499387505 469
1662376394023 0.02530987604958017 470
1662376395321 0.01891839315241708 471
1662376396593 0.013333333333333334 472
1662376397865 0.023353118614381628 473
1662376399094 0.019526818992059634 474
1662376400380 0.01957403327266341 475
1662376401723 0.04745075318655852 476
1662376402988 0.01549157169613663 477
1662376404241 0.015561436075674395 478
1662376405510 0.01853586201514087 479
1662376406785 0.020855172413793102 480
1662376408059 0.01194055493514303 481
1662376409309 0.0050098407586330294 482
1662376410575 0.01532567049808429 483
1662376411842 0.016066945606694562 484
1662376413136 0.007848692522684636 485
1662376414390 0.0390794316969968 486
1662376415632 0.021175123998473867 487
1662376416885 0.02135712354690457 488
1662376418162 0.04136149872793154 489
1662376419420 0.02179705819654658 490
1662376420706 0.023140038720383515 491
1662376421910 0.01786519895335198 492
1662376423193 0.04596399422033038 493
1662376424442 0.04934803349941694 494
1662376425793 0.02610210967335286 495
1662376427051 0.01079192306502984 496
1662376428266 0.011827099075421224 497
1662376429541 0.008499170812603648 498
1662376430798 0.019184779720465537 499
1662376432013 0.017750059966418805 500
1662376433280 0.04194857916102842 501
1662376434520 0.012469169635516579 502
1662376435781 0.01511587166524851 503
1662376437043 0.01179974152947126 504
1662376438325 0.018130337489153766 505
1662376439590 0.014940239043824702 506
1662376440867 0.023537677849991216 507
1662376442145 0.017687434002111934 508
1662376443396 0.024552907692961215 509
1662376444636 0.021606340552274218 510
1662376445897 0.02059410883674488 511
1662376447112 0.020254938601174586 512
1662376448377 0.02123528697973547 513
1662376449699 0.01392747985551542 514
1662376450979 0.02680201562842328 515
1662376452263 0.028670212765957447 516
1662376453494 0.01843651879880847 517
1662376454732 0.010751036707111044 518
1662376456007 0.025179269882659713 519
1662376457334 0.01422756637663841 520
1662376458631 0.011920665913061351 521
1662376459876 0.013788628437018412 522
1662376461149 0.05177364491761276 523
1662376462410 0.009752699407871821 524
1662376463722 0.013517183115590019 525
1662376465027 0.02441474155914394 526
1662376466272 0.014250795554120739 527
1662376467555 0.01544660846205507 528
1662376468845 0.07346655268219705 529
1662376470146 0.031852775226348246 530
1662376471384 0.038842895648825565 531
1662376472618 0.013027387120651369 532
1662376473889 0.005916402827081135 533
1662376475189 0.025481506732572014 534
1662376476469 0.056357142857142856 535
1662376477751 0.008012254035583834 536
1662376479041 0.027514378983367015 537
1662376480312 0.031146785467393807 538
1662376481544 0.016533480297602647 539
1662376482781 0.02113189215448142 540
1662376484065 0.017977936169246832 541
1662376485351 0.0122026125056304 542
1662376486610 0.013079050472459093 543
1662376487884 0.012024424612494129 544
1662376489170 0.012663938388167435 545
1662376490438 0.014600534239922292 546
1662376491699 0.031247013855709507 547
1662376492957 0.03726082578046324 548
1662376494197 0.016433853738701727 549
1662376495482 0.02582088909928132 550
1662376496833 0.020111176390834727 551
1662376498081 0.047135487374423024 552
1662376499384 0.01838794414489147 553
1662376500636 0.019773203735467888 554
1662376501941 0.020803998873556745 555
1662376503237 0.02029465712088042 556
1662376504508 0.02141653307025116 557
1662376505775 0.016438964789514607 558
1662376507053 0.031642207317882996 559
1662376508322 0.007913413768630233 560
1662376509611 0.04567730884522054 561
1662376510872 0.009995319917095674 562
1662376512148 0.01147842056932966 563
1662376513427 0.015043647766759895 564
1662376514692 0.007426276931047882 565
1662376515929 0.010621534870148818 566
1662376517223 0.03979568926807364 567
1662376518524 0.011781157140360076 568
1662376519875 0.04998948032821376 569
1662376521154 0.030933865528869314 570
1662376522436 0.023972920337568395 571
1662376523733 0.019690515517691038 572
1662376525018 0.005008401189091379 573
1662376526315 0.007654640625879439 574
1662376527581 0.01989236595575045 575
1662376528858 0.027275349182151538 576
1662376530149 0.020699467596842297 577
1662376531391 0.013341400695810014 578
1662376532692 0.0128928283642224 579
1662376533993 0.024470717624415727 580
1662376535259 0.029058295964125562 581
1662376536518 0.01889132020423049 582
1662376537802 0.042687547360444555 583
1662376539047 0.016249565519638513 584
1662376540331 0.09398463795633037 585
1662376541548 0.02917021771131944 586
1662376542794 0.009838405464648009 587
1662376544038 0.014501953125 588
1662376545331 0.009167630553056591 589
1662376546601 0.017817817817817817 590
1662376547901 0.017833684964770512 591
1662376549167 0.01923776421614194 592
1662376550440 0.014845531826663903 593
1662376551682 0.01347612031480217 594
1662376552936 0.013628239499553172 595
1662376554201 0.021134072411829723 596
1662376555476 0.008096569998527897 597
1662376556812 0.011157867890844173 598
1662376558077 0.008918005071851226 599
1662376559360 0.023430382975622197 600
1662376560671 0.04389674197575611 601
1662376561920 0.010808097707880207 602
1662376563198 0.026999114783121864 603
1662376564409 0.04122006841505131 604
1662376565683 0.012279983626688497 605
1662376566965 0.01585123172991148 606
1662376568268 0.02209725962300016 607
1662376569535 0.014513287891552424 608
1662376570834 0.02616491827274945 609
1662376572121 0.009445270173083378 610
1662376573413 0.054816859006522826 611
1662376574661 0.014340192261857471 612
1662376575928 0.016551411404602652 613
1662376577245 0.04322361485299286 614
1662376578493 0.0202912019826518 615
1662376579779 0.06098693579344932 616
1662376581044 0.03292181069958848 617
1662376582332 0.01662049861495845 618
1662376583647 0.026612419128926833 619
1662376584915 0.039783491204330175 620
1662376586245 0.01068131275692432 621
1662376587552 0.020668576886341928 622
1662376588901 0.008923713135270432 623
1662376590174 0.010987932895124104 624
1662376591409 0.009076373212942062 625
1662376592644 0.07962235775754031 626
1662376593920 0.027172926873525675 627
1662376595177 0.01786741305931521 628
1662376596446 0.02326240241752707 629
1662376597798 0.02585069902400422 630
1662376599075 0.013210507668168244 631
1662376600329 0.029190249119836 632
1662376601626 0.016556291390728478 633
1662376602902 0.020848043405552047 634
1662376604137 0.012222151858653664 635
1662376605375 0.04510653998708606 636
1662376606605 0.009118659987476518 637
1662376607897 0.011903616004106908 638
1662376609195 0.011184050571359105 639
1662376610469 0.07412622163326156 640
1662376611764 0.01993378637393274 641
1662376613023 0.021013979826579366 642
1662376614251 0.023711019173450778 643
1662376615536 0.025038167938931297 644
1662376616813 0.00942847649111148 645
1662376618042 0.012621014749860611 646
1662376619317 0.013596985354104347 647
1662376620621 0.03727291283935497 648
1662376621941 0.011978238010332373 649
1662376623212 0.015204139495321803 650
1662376624487 0.017235039985292765 651
1662376625780 0.027650727650727652 652
1662376627057 0.013346764039284816 653
1662376628352 0.030383223904596007 654
1662376629610 0.013423496164715382 655
1662376630909 0.0350459564901144 656
1662376632166 0.039430133832206074 657
1662376633448 0.012598081952920663 658
1662376634712 0.017504155026698255 659
1662376635988 0.014030971374941342 660
1662376637239 0.0226375753965299 661
1662376638520 0.010992548983534174 662
1662376639820 0.03384326460346649 663
1662376641104 0.016808384417638916 664
1662376642381 0.0101288228931065 665
1662376643700 0.04199665365309537 666
1662376644964 0.012338684293358514 667
1662376646233 0.010171259671390072 668
1662376647491 0.009685131904202294 669
1662376648778 0.030569457595022317 670
1662376650082 0.018012152777777776 671
1662376651312 0.01480948218234175 672
1662376652586 0.02314106487148103 673
1662376653913 0.015494137353433836 674
1662376655114 0.01458445867736708 675
1662376656368 0.019156674228511757 676
1662376657678 0.04713493530499076 677
1662376658988 0.023781708945260348 678
1662376660224 0.035847835466705016 679
1662376661483 0.013815452839843085 680
1662376662778 0.028308563340410473 681
1662376664054 0.009352122212348187 682
1662376665296 0.02209409370609041 683
1662376666566 0.023608418720576018 684
1662376667833 0.011689472598500996 685
1662376669088 0.05079647989306004 686
1662376670350 0.012693498452012383 687
1662376671597 0.010150540321069398 688
1662376672902 0.06939396500718452 689
1662376674192 0.01927503999375707 690
1662376675433 0.018022539581147055 691
1662376676718 0.04799631120053655 692
1662376677955 0.029420098224404986 693
1662376679207 0.01458648685840099 694
1662376680441 0.008764429243266354 695
1662376681669 0.0056807769836906725 696
1662376682952 0.02513167795334838 697
1662376684212 0.022333194617838812 698
1662376685437 0.014725666290950078 699
1662376686683 0.021040027369141293 700
1662376687917 0.016312355293622394 701
1662376689162 0.02152494757250821 702
1662376690414 0.014278603869843837 703
1662376691704 0.011861313868613138 704
1662376693026 0.02678706552993997 705
1662376694292 0.012202392781907071 706
1662376695557 0.01680903830256269 707
1662376696806 0.03603284005676059 708
1662376698087 0.014007140895358419 709
1662376699357 0.02608801164860055 710
1662376700638 0.04445325579346198 711
1662376701886 0.013852242744063324 712
1662376703138 0.013962934755013963 713
1662376704422 0.01729175362232425 714
1662376705779 0.012234741134996889 715
1662376707054 0.017152128563702386 716
1662376708299 0.014055732614202827 717
1662376709586 0.021747988183762862 718
1662376710866 0.025544547619869514 719
1662376712159 0.018763075313807533 720
1662376713446 0.015464147243638308 721
1662376714721 0.011480274359099091 722
1662376716001 0.039544847931446234 723
1662376717280 0.058220237832102915 724
1662376718516 0.017922235722964763 725
1662376719790 0.013611212084494527 726
1662376721085 0.009992154919691151 727
1662376722361 0.019595488627055638 728
1662376723657 0.03642182878904509 729
1662376724902 0.00804390317245527 730
1662376726160 0.02381666167016422 731
1662376727427 0.017850106391362596 732
1662376728713 0.020233141695518216 733
1662376729983 0.014842300556586271 734
1662376731270 0.018233259981138006 735
1662376732516 0.005325204744941055 736
1662376733781 0.015088721683498974 737
1662376734994 0.02341779752611985 738
1662376736271 0.02418787086392437 739
1662376737502 0.026597265915460733 740
1662376738776 0.03601937472479084 741
1662376740035 0.011228376448182828 742
1662376741310 0.01348796975619133 743
1662376742578 0.018006845577657624 744
1662376743846 0.03823551858353049 745
1662376745087 0.01200141193081539 746
1662376746309 0.016068996822514753 747
1662376747584 0.02171357444160155 748
1662376748853 0.01466933867735471 749
1662376750109 0.008057448192021713 750
1662376751405 0.012901482657300145 751
1662376752662 0.009074774804942572 752
1662376753925 0.01668339786796692 753
1662376755224 0.009146855504973865 754
1662376756495 0.016867989646246764 755
1662376757734 0.013435320228281547 756
1662376759020 0.02860202579090625 757
1662376760279 0.01454721333432547 758
1662376761590 0.07491474850809889 759
1662376762850 0.02893598615916955 760
1662376764108 0.04650045845522421 761
1662376765380 0.031077012722152082 762
1662376766743 0.02912906302736811 763
1662376767990 0.025290345724406978 764
1662376769242 0.019153048673343876 765
1662376770535 0.015929469518609428 766
1662376771820 0.01674941349773583 767
1662376773053 0.03990625197947679 768
1662376774317 0.01508071367884452 769
1662376775571 0.017334842437600525 770
1662376776842 0.020051020408163266 771
1662376778111 0.0067842605156037995 772
1662376779368 0.014225383418537452 773
1662376780579 0.018819603430212255 774
1662376781814 0.019573525734900166 775
1662376783060 0.01420591351247231 776
1662376784310 0.020642801149725633 777
1662376785572 0.036226903327538106 778
1662376786855 0.016577002143200806 779
1662376788100 0.005793742757821553 780
1662376789397 0.02737059547928336 781
1662376790668 0.02607097306624653 782
1662376791924 0.04321608040201005 783
1662376793215 0.006608769328532091 784
1662376794520 0.02894349127893161 785
1662376795815 0.04071377700403577 786
1662376797087 0.018168878469460376 787
1662376798346 0.032458233890214794 788
1662376799639 0.014571680894907272 789
1662376800908 0.01637861736334405 790
1662376802179 0.018742604114974998 791
1662376803455 0.01039278618370778 792
1662376804722 0.025234441602728048 793
1662376805987 0.1108679339669835 794
1662376807212 0.008810769712420055 795
1662376808437 0.03645030141595402 796
1662376809687 0.023275008253549025 797
1662376810957 0.017525395808547634 798
1662376811706 0.015448398400868663 799
