1662375794576 0.038489245651950194 0
1662375795779 0.034450020344500204 1
1662375797157 0.03622039441086116 2
1662375798416 0.024647619047619047 3
1662375799678 0.022838313827974095 4
1662375800892 0.011456776706063487 5
1662375802131 0.04232415902140673 6
1662375803402 0.03961922380236636 7
1662375804668 0.011156462585034013 8
1662375805921 0.01833549483475694 9
1662375807167 0.011121999020088192 10
1662375808414 0.021049144784389302 11
1662375809668 0.02818279675114982 12
1662375810955 0.02763521515988946 13
1662375812175 0.03652754200081953 14
1662375813401 0.036749625852225486 15
1662375814653 0.03786380333427522 16
1662375815883 0.03405841688081364 17
1662375817189 0.021256621739421982 18
1662375818460 0.024414325464500494 19
1662375819724 0.03149889522635014 20
1662375821044 0.024193141067730694 21
1662375822325 0.034266321205707405 22
1662375823565 0.0277676454495714 23
1662375824807 0.018085721364274505 24
1662375826066 0.02042521197944948 25
1662375827272 0.01718806838850491 26
1662375828558 0.01780647283793231 27
1662375829814 0.02635879593020191 28
1662375831071 0.023306948109058926 29
1662375832335 0.020047006774505736 30
1662375833616 0.013632893445304831 31
1662375834864 0.05286805451550097 32
1662375836134 0.01880717160629345 33
1662375837375 0.049791779829802645 34
1662375838633 0.02724421795374363 35
1662375839896 0.01657024498250125 36
1662375841149 0.03715898400752587 37
1662375842431 0.0373082473675771 38
1662375843695 0.018655403027103133 39
1662375845013 0.028137310073157007 40
1662375846310 0.051079794141695924 41
1662375847597 0.02690767176748485 42
1662375848876 0.01096102745792737 43
1662375850118 0.031209884467265726 44
1662375851416 0.013596797763517377 45
1662375852676 0.04813270485859318 46
1662375853931 0.031638359569179784 47
1662375855191 0.018148886071363883 48
1662375856456 0.02612115520075135 49
1662375857730 0.024931923471372495 50
1662375859017 0.008831078435637534 51
1662375860314 0.02751478278702533 52
1662375861654 0.04157725321888412 53
1662375862926 0.02181852677512688 54
1662375864187 0.04704133499568428 55
1662375865479 0.02748789304958734 56
1662375866751 0.03440828547587493 57
1662375868061 0.0222050474123837 58
1662375869305 0.016088255573431395 59
1662375870593 0.024129164622452164 60
1662375871906 0.022350601382706697 61
1662375873285 0.02219125767662693 62
1662375874557 0.018808886416576853 63
1662375875814 0.03155684555054653 64
1662375877092 0.020207751396648044 65
1662375878334 0.01987083954297069 66
1662375879607 0.015772870662460567 67
1662375880899 0.023739934387116017 68
1662375882164 0.03539416226154907 69
1662375883450 0.03564963797264682 70
1662375884719 0.02723606168446026 71
1662375885951 0.0425531914893617 72
1662375887229 0.040663657639585425 73
1662375888488 0.018909198769048237 74
1662375889762 0.018072749503285954 75
1662375891043 0.02700753325853502 76
1662375892298 0.013995117982099268 77
1662375893547 0.027868972058072518 78
1662375894829 0.028438610883237625 79
1662375896076 0.0513039934800326 80
1662375897428 0.008207604103802052 81
1662375898729 0.06865146180927599 82
1662375899980 0.07548259363141396 83
1662375901286 0.02994095494909108 84
1662375902567 0.03971662854911586 85
1662375903846 0.023244347397337467 86
1662375905110 0.02885492089031912 87
1662375906401 0.024310595065312045 88
1662375907664 0.022159065677872018 89
1662375908933 0.054187192118226604 90
1662375910204 0.03139518994260727 91
1662375911499 0.028469750889679714 92
1662375912765 0.023958215056205292 93
1662375914044 0.04146069207462925 94
1662375915329 0.014247895535262798 95
1662375916610 0.024835712667119873 96
1662375917910 0.012038087720163798 97
1662375919212 0.011062993558717565 98
1662375920513 0.030684124646794285 99
1662375921812 0.013887069304336435 100
1662375923094 0.038138164167461214 101
1662375924363 0.02347060741062697 102
1662375925713 0.019190095434614394 103
1662375927001 0.06177269876663647 104
1662375928318 0.010936051899907321 105
1662375929627 0.012966077936641436 106
1662375930912 0.025960907116521038 107
1662375932258 0.021147417968483524 108
1662375933543 0.019188856249407752 109
1662375934808 0.019815779905466003 110
1662375936091 0.018454935622317595 111
1662375937381 0.025459746628524724 112
1662375938640 0.0289694232903448 113
1662375939911 0.025369738339021616 114
1662375941219 0.024425989252564728 115
1662375942487 0.03577658324730341 116
1662375943699 0.03468780971258672 117
1662375944951 0.02538090498430442 118
1662375946257 0.04124613107253398 119
1662375947539 0.03208039424098947 120
1662375948822 0.027198421645997745 121
1662375950107 0.016666666666666666 122
1662375951400 0.037943393894450624 123
1662375952641 0.037631166324930646 124
1662375953954 0.034109606378939374 125
1662375955203 0.008310888803385917 126
1662375956492 0.018251385346116634 127
1662375957800 0.024995010975853122 128
1662375959063 0.019265785609397946 129
1662375960330 0.02494419642857143 130
1662375961562 0.026113671274961597 131
1662375962823 0.026568230979027555 132
1662375964114 0.011440661364259688 133
1662375965396 0.03667236009243444 134
1662375966682 0.0391417603509734 135
1662375967983 0.025503981634263578 136
1662375969267 0.039400914770858865 137
1662375970540 0.019426341787389483 138
1662375971826 0.012237159600137883 139
1662375973121 0.0185538408184498 140
1662375974400 0.032189668465690054 141
1662375975677 0.01783664881407804 142
1662375976960 0.042116683927602705 143
1662375978210 0.03179057784320942 144
1662375979493 0.059944407870675155 145
1662375980724 0.020106847984458474 146
1662375982014 0.011355600848550394 147
1662375983262 0.014004354711005543 148
1662375984507 0.07148644437519476 149
1662375985774 0.00930801053027454 150
1662375987054 0.039224858002004676 151
1662375988321 0.030088335493985346 152
1662375989628 0.01706091689344777 153
1662375990920 0.02477902848077359 154
1662375992211 0.03921911421911422 155
1662375993490 0.025907768344692893 156
1662375994789 0.014787946428571428 157
1662375996057 0.03138573630376909 158
1662375997352 0.03485238637044134 159
1662375998596 0.02205001995476919 160
1662375999857 0.029606220632874547 161
1662376001101 0.04474228178969127 162
1662376002407 0.015311543028560715 163
1662376003710 0.02204887868398704 164
1662376004970 0.012913223140495868 165
1662376006216 0.03663931636858623 166
1662376007477 0.02337013457974051 167
1662376008751 0.03994673768308921 168
1662376010030 0.02962237906341765 169
1662376011305 0.01266726986999381 170
1662376012633 0.0221976697468863 171
1662376013933 0.026810257182663704 172
1662376015241 0.029361702127659574 173
1662376016541 0.01789462817027427 174
1662376017792 0.01776482752138359 175
1662376019072 0.02819463392451114 176
1662376020345 0.013720445914492221 177
1662376021625 0.016929133858267716 178
1662376022914 0.03063063063063063 179
1662376024219 0.008907363420427554 180
1662376025522 0.02518429817011563 181
1662376026849 0.03362433291174384 182
1662376028151 0.027610175218419655 183
1662376029427 0.04052116714454377 184
1662376030687 0.02973007116688424 185
1662376032001 0.009950248756218905 186
1662376033307 0.012052638051900134 187
1662376034583 0.031182428587686356 188
1662376035839 0.02351868732907931 189
1662376037135 0.02420142803457347 190
1662376038410 0.020854391658243338 191
1662376039690 0.02375601926163724 192
1662376040991 0.011565415538071284 193
1662376042247 0.13394932935916543 194
1662376043482 0.04671655360514721 195
1662376044770 0.026424850766130565 196
1662376046030 0.017708950800237107 197
1662376047298 0.032434792965183215 198
1662376048591 0.05744934445768772 199
1662376049834 0.03356196310847706 200
1662376051140 0.05159786950732357 201
1662376052444 0.029831103312129854 202
1662376053673 0.022517548702579066 203
1662376054954 0.024987181678345582 204
1662376056234 0.061984264056802914 205
1662376057504 0.019535601062462514 206
1662376058748 0.01753385602280827 207
1662376060015 0.04329547936230618 208
1662376061267 0.019855595667870037 209
1662376062526 0.028504306969459672 210
1662376063810 0.026511766458147155 211
1662376065102 0.018663194444444444 212
1662376066359 0.011844331641285956 213
1662376067656 0.025588113908378042 214
1662376068916 0.042282998119967365 215
1662376070214 0.025384289945000704 216
1662376071474 0.02955879156705064 217
1662376072718 0.023851892409828213 218
1662376073983 0.008884501480750246 219
1662376075253 0.04750754500988656 220
1662376076575 0.025859307062108105 221
1662376077883 0.02026009582477755 222
1662376079152 0.03460563063786074 223
1662376080441 0.037037037037037035 224
1662376081710 0.027497281342240176 225
1662376082997 0.03291239147592739 226
1662376084276 0.020083434858049986 227
1662376085533 0.04585318319618883 228
1662376086797 0.03570777919475314 229
1662376088120 0.03752745328962027 230
1662376089393 0.01648721399730821 231
1662376090663 0.022044758990053558 232
1662376091940 0.013978819969742814 233
1662376093223 0.03536937934428246 234
1662376094459 0.017313844802709994 235
1662376095732 0.008176874528638908 236
1662376097008 0.00997975803794191 237
1662376098247 0.022216579916211756 238
1662376099558 0.03469320689169523 239
1662376100810 0.029841300749683577 240
1662376102079 0.027754211610713852 241
1662376103342 0.019744093544831552 242
1662376104573 0.031178270849273146 243
1662376105833 0.01930716669315112 244
1662376107108 0.01968503937007874 245
1662376108388 0.015736972883431163 246
1662376109677 0.025911210917256868 247
1662376110902 0.029152148664343788 248
1662376112194 0.014791167863793562 249
1662376113502 0.03174358579243393 250
1662376114762 0.016344876902645827 251
1662376116016 0.022567355718400232 252
1662376117278 0.02492725509214355 253
1662376118565 0.014456074124914207 254
1662376119875 0.025187472430524924 255
1662376121117 0.023052370256531503 256
1662376122395 0.02690708909111336 257
1662376123684 0.02923076923076923 258
1662376124944 0.019162884518406455 259
1662376126183 0.04767657992565056 260
1662376127432 0.02523090786213111 261
1662376128711 0.041151566469093986 262
1662376129933 0.06546336206896551 263
1662376131170 0.023601512583126875 264
1662376132432 0.03782255213856486 265
1662376133696 0.030660009361834918 266
1662376134948 0.018705378391242266 267
1662376136229 0.037711002035196936 268
1662376137516 0.04664317967548256 269
1662376138785 0.017155144206048707 270
1662376140051 0.06305109312718928 271
1662376141328 0.013994674592854047 272
1662376142609 0.019764782750735056 273
1662376143840 0.024773130280588296 274
1662376145143 0.0162891046386192 275
1662376146444 0.011314556846523511 276
1662376147721 0.012928554506379666 277
1662376149004 0.033980050422010306 278
1662376150294 0.03699199351373265 279
1662376151567 0.02401703146829885 280
1662376152879 0.029849934754240973 281
1662376154100 0.023616630999694282 282
1662376155382 0.007505462836874941 283
1662376156657 0.03053398977466389 284
1662376157939 0.0208 285
1662376159198 0.03171814314777141 286
1662376160490 0.03202164843838088 287
1662376161749 0.02215980024968789 288
1662376163049 0.026576407170615518 289
1662376164321 0.016711633713204204 290
1662376165622 0.029990460290961127 291
1662376166875 0.02567254845241539 292
1662376168160 0.012388527355989396 293
1662376169451 0.01963392572097478 294
1662376170757 0.023004282420116394 295
1662376172061 0.026296142679386146 296
1662376173328 0.02198109513954919 297
1662376174587 0.013392293114339862 298
1662376175931 0.024855359317904994 299
1662376177182 0.03357924937057205 300
1662376178477 0.028192882452626713 301
1662376179776 0.03730797366495977 302
1662376181026 0.01439707286032453 303
1662376182264 0.023607812555386198 304
1662376183534 0.01334789467297658 305
1662376184799 0.019786344635392476 306
1662376186069 0.016268844221105527 307
1662376187378 0.02757071377514551 308
1662376188650 0.037682477143001464 309
1662376189920 0.050883700632773296 310
1662376191168 0.035042122244129774 311
1662376192432 0.02820526288145386 312
1662376193733 0.01785136795808809 313
1662376195021 0.027863562233248897 314
1662376196335 0.01771788990825688 315
1662376197601 0.039283055603275496 316
1662376198837 0.01705634342660023 317
1662376200134 0.01569729983014116 318
1662376201417 0.026896320821398013 319
1662376202692 0.03800896940633187 320
1662376203997 0.021574635732599587 321
1662376205260 0.02470217238962859 322
1662376206623 0.021982837319700566 323
1662376207934 0.01438981078929643 324
1662376209196 0.01996230892720039 325
1662376210495 0.02081254454739843 326
1662376211744 0.056235586304772045 327
1662376213001 0.02132340497546116 328
1662376214260 0.02029621503017005 329
1662376215561 0.01811795156221113 330
1662376216815 0.03815987933634993 331
1662376218081 0.025930680359435174 332
1662376219339 0.026357635040717003 333
1662376220601 0.021176838321481598 334
1662376221899 0.01274614562662189 335
1662376223229 0.051818323708443886 336
1662376224516 0.02967359050445104 337
1662376225780 0.06811540135546851 338
1662376227039 0.041989697694989336 339
1662376228322 0.022200030726686127 340
1662376229589 0.027396009314643168 341
1662376230909 0.007618129218900675 342
1662376232193 0.050809674027339644 343
1662376233506 0.01265442690459849 344
1662376234784 0.011342881861001634 345
1662376236031 0.013968703032446291 346
1662376237288 0.027918949244274304 347
1662376238605 0.02011130786744245 348
1662376239899 0.02642651509559312 349
1662376241178 0.013819609125848393 350
1662376242440 0.03254203345988568 351
1662376243720 0.036683997689196994 352
1662376244980 0.020140004590314436 353
1662376246266 0.024971131639722862 354
1662376247549 0.015558377937040733 355
1662376248830 0.011377741001241209 356
1662376250113 0.014277869302580999 357
1662376251350 0.02561369407781296 358
1662376252633 0.030773125045201417 359
1662376253905 0.020598648213710977 360
1662376255162 0.034467345418425624 361
1662376256456 0.040630712979890314 362
1662376257757 0.022498375568551006 363
1662376259040 0.01800628648405927 364
1662376260306 0.020528900195231615 365
1662376261616 0.019296006971460583 366
1662376262920 0.03667535926316374 367
1662376264222 0.02724962761762902 368
1662376265485 0.020685136652938974 369
1662376266760 0.021832336680582196 370
1662376268025 0.027358490566037737 371
1662376269280 0.03109280684104628 372
1662376270539 0.03183077108337013 373
1662376271780 0.028936957631444615 374
1662376273075 0.024981754898108124 375
1662376274372 0.011021684523504383 376
1662376275645 0.015970262270255386 377
1662376276924 0.06817013988010277 378
1662376278188 0.01967137236750752 379
1662376279462 0.038205863830382755 380
1662376280711 0.0164382003299016 381
1662376282033 0.024146581847504706 382
1662376283318 0.01778930788474011 383
1662376284585 0.021550247578711344 384
1662376285893 0.022739981360671017 385
1662376287176 0.018295593148432942 386
1662376288414 0.04243797314472012 387
1662376289698 0.034840885890550795 388
1662376291004 0.047380102286982535 389
1662376292276 0.030163827797877962 390
1662376293529 0.032803371324585766 391
1662376294753 0.026151172893136402 392
1662376295997 0.04321080270067517 393
1662376297265 0.026842659863568298 394
1662376298522 0.019001973498731322 395
1662376299787 0.022963297426304586 396
1662376301065 0.020444239489662595 397
1662376302317 0.012723227021167342 398
1662376303625 0.030567054972561857 399
1662376304884 0.020134970682597633 400
1662376306166 0.023496806844198095 401
1662376307486 0.007284641811935361 402
1662376308809 0.014580295771714226 403
1662376310068 0.023851764242065837 404
1662376311345 0.04350785637302172 405
1662376312630 0.020919590324689475 406
1662376313927 0.013872447469665582 407
1662376315174 0.014992503748125937 408
1662376316471 0.03900663112729164 409
1662376317757 0.012635255444459663 410
1662376319051 0.025863661555514502 411
1662376320340 0.01604434072345391 412
1662376321601 0.048608584939978175 413
1662376322871 0.01723099168574527 414
1662376324127 0.029322073657049027 415
1662376325364 0.016570133467640392 416
1662376326662 0.03197767145135566 417
1662376327896 0.03877088864594721 418
1662376329144 0.022985957132298597 419
1662376330386 0.03484195402298851 420
1662376331666 0.050189848557587395 421
1662376332929 0.022245485475006543 422
1662376334174 0.024515871431423437 423
1662376335456 0.040318364027188754 424
1662376336744 0.021855778039523623 425
1662376338022 0.01393399067131133 426
1662376339266 0.0380087023291528 427
1662376340501 0.013028778758142987 428
1662376341787 0.016539177175935497 429
1662376343049 0.018163524676975216 430
1662376344304 0.01489553525929991 431
1662376345570 0.02193276506081793 432
1662376346786 0.02086497721640419 433
1662376348028 0.01575322150084039 434
1662376349249 0.02127552560104617 435
1662376350509 0.016776252175594662 436
1662376351761 0.025440976933514246 437
1662376353062 0.02599802045529528 438
1662376354294 0.026693395231061404 439
1662376355570 0.014366980857866545 440
1662376356861 0.02918823658993281 441
1662376358121 0.0356211536455617 442
1662376359429 0.027857231687601045 443
1662376360685 0.030605948414167593 444
1662376361934 0.013921113689095127 445
1662376363198 0.04287033372905949 446
1662376364477 0.01547921967769296 447
1662376365757 0.04330366383771476 448
1662376367030 0.03534509439801919 449
1662376368267 0.022794525614943592 450
1662376369525 0.019166076487252125 451
1662376370774 0.017626673040152963 452
1662376372063 0.012466089652499677 453
1662376373321 0.017573608755973486 454
1662376374573 0.03157657657657657 455
1662376375840 0.02428124534485327 456
1662376377135 0.02518349228673142 457
1662376378452 0.02419754616433263 458
1662376379833 0.02489937922095641 459
1662376381140 0.016413662239089185 460
1662376382482 0.018988923128175232 461
1662376383698 0.014968914395026303 462
1662376384972 0.030725299828669332 463
1662376386249 0.032940019665683384 464
1662376387608 0.029350401357898088 465
1662376388898 0.031221719457013575 466
1662376390197 0.019411646988192914 467
1662376391472 0.011998870694522868 468
1662376392737 0.06659786304031083 469
1662376394022 0.02670269411110228 470
1662376395320 0.012768484608532119 471
1662376396592 0.019586591313772547 472
1662376397864 0.043335048893463714 473
1662376399093 0.019339400596265495 474
1662376400380 0.015907524258974494 475
1662376401722 0.019534572852108398 476
1662376402987 0.013172690763052209 477
1662376404240 0.013828356201237558 478
1662376405510 0.02391038696537678 479
1662376406784 0.0193345083587032 480
1662376408059 0.018660584698320548 481
1662376409309 0.022034651266103954 482
1662376410574 0.010639767859610336 483
1662376411841 0.02507265651938328 484
1662376413135 0.029527674842656313 485
1662376414389 0.020666240220439894 486
1662376415632 0.024931224209078406 487
1662376416884 0.022430736771972683 488
1662376418161 0.039201122390030534 489
1662376419419 0.013529861199541577 490
1662376420705 0.032148715144887915 491
1662376421909 0.025319858079776367 492
1662376423193 0.056005535430827466 493
1662376424441 0.031069733479372034 494
1662376425792 0.03357035121741004 495
1662376427051 0.023985380339602527 496
1662376428265 0.02061117870178201 497
1662376429540 0.03125 498
1662376430797 0.012937907156849346 499
1662376432013 0.024699789425758352 500
1662376433279 0.019289944744069087 501
1662376434519 0.017775447960350743 502
1662376435780 0.03141857845752564 503
1662376437043 0.016965127238454288 504
1662376438324 0.03062973406313927 505
1662376439589 0.030209093119377584 506
1662376440866 0.04232877343282207 507
1662376442144 0.024863387978142075 508
1662376443395 0.04263371483288496 509
1662376444635 0.023712963404742594 510
1662376445896 0.01595256312165264 511
1662376447111 0.020198919449901768 512
1662376448376 0.014049586776859505 513
1662376449698 0.014094759131815775 514
1662376450978 0.021369021500658184 515
1662376452263 0.011251758087201125 516
1662376453493 0.017565327228230836 517
1662376454732 0.01889886089057646 518
1662376456006 0.00915470662726889 519
1662376457333 0.03043125186989785 520
1662376458630 0.017834519052723905 521
1662376459875 0.031219914729748315 522
1662376461148 0.08616870619848216 523
1662376462409 0.01339025810207646 524
1662376463721 0.025898657427457773 525
1662376465026 0.023054755043227664 526
1662376466271 0.01706258733544164 527
1662376467554 0.018778731893485993 528
1662376468845 0.019643992371265098 529
1662376470145 0.047328864513508026 530
1662376471383 0.03363945578231293 531
1662376472617 0.018274063982712453 532
1662376473888 0.019745169184035103 533
1662376475189 0.021379361988917177 534
1662376476468 0.04419191919191919 535
1662376477751 0.022100954979536153 536
1662376479041 0.034328566770692626 537
1662376480311 0.04224554903776886 538
1662376481544 0.015527075558059291 539
1662376482781 0.012518054886856042 540
1662376484064 0.022393068521569345 541
1662376485350 0.026930103525272347 542
1662376486609 0.01923839746132487 543
1662376487883 0.027606752730883814 544
1662376489169 0.019474718599249596 545
1662376490438 0.030962717058222677 546
1662376491698 0.028609728073535044 547
1662376492957 0.02998469458744956 548
1662376494197 0.021439396739733118 549
1662376495482 0.0217239289543611 550
1662376496832 0.013237275229895156 551
1662376498081 0.02707723308460061 552
1662376499384 0.01854641310487667 553
1662376500635 0.021789776620528986 554
1662376501940 0.027194066749072928 555
1662376503237 0.021417201292749988 556
1662376504508 0.021284520832224766 557
1662376505774 0.030482391240011838 558
1662376507052 0.03230631169608136 559
1662376508322 0.023251270027354436 560
1662376509610 0.05741302085689726 561
1662376510871 0.02189653158939624 562
1662376512148 0.02588967157625103 563
1662376513426 0.030693069306930693 564
1662376514691 0.02587432470855843 565
1662376515929 0.01999642920906981 566
1662376517222 0.02858467243510507 567
1662376518523 0.011497570597007746 568
1662376519874 0.04168717579796297 569
1662376521154 0.04234157431088378 570
1662376522435 0.04082768859608425 571
1662376523732 0.018292234081707767 572
1662376525018 0.034347020685396724 573
1662376526314 0.02135355081032204 574
1662376527580 0.017376748634968714 575
1662376528858 0.03786673455100872 576
1662376530149 0.014583626884599127 577
1662376531390 0.02686758950995853 578
1662376532691 0.026549199357104588 579
1662376533993 0.01338231435318814 580
1662376535259 0.015066724063710719 581
1662376536518 0.02430128317806293 582
1662376537801 0.022594846562216754 583
1662376539047 0.015651015651015652 584
1662376540331 0.020393830528618893 585
1662376541548 0.05910844758230031 586
1662376542794 0.01760731953827331 587
1662376544038 0.020135135135135134 588
1662376545331 0.01873380229544613 589
1662376546600 0.008770278917453984 590
1662376547900 0.021288372291054625 591
1662376549166 0.01704265147777728 592
1662376550439 0.020682245500940104 593
1662376551682 0.022551344579175802 594
1662376552935 0.01446211096075778 595
1662376554200 0.04714798956641567 596
1662376555475 0.027788400254939453 597
1662376556811 0.020011600928074247 598
1662376558077 0.025989672977624785 599
1662376559359 0.03360753090221264 600
1662376560671 0.033616097849674495 601
1662376561919 0.026298251909570924 602
1662376563198 0.029830038154699964 603
1662376564408 0.019330118822111244 604
1662376565683 0.020611537509284475 605
1662376566965 0.021858562244301577 606
1662376568267 0.018561484918793503 607
1662376569535 0.02362966374942423 608
1662376570833 0.031753336401288544 609
1662376572120 0.021263400372109508 610
1662376573413 0.03768646951059932 611
1662376574660 0.04522613065326633 612
1662376575927 0.022147432417761372 613
1662376577245 0.04628536535721555 614
1662376578492 0.026558690351793802 615
1662376579778 0.024282937144026465 616
1662376581043 0.018520110003437607 617
1662376582331 0.01241718222105217 618
1662376583646 0.013554727211114876 619
1662376584915 0.02505026135906715 620
1662376586245 0.03174854727945061 621
1662376587551 0.017874255239365026 622
1662376588900 0.013609587649807029 623
1662376590173 0.02388120630708782 624
1662376591408 0.025544135429262396 625
1662376592643 0.018053489660804386 626
1662376593920 0.03653065584276864 627
1662376595177 0.011968598515722191 628
1662376596445 0.028574532811820947 629
1662376597797 0.03521691578563616 630
1662376599074 0.017109216900717483 631
1662376600328 0.03388819282859018 632
1662376601625 0.0224373576309795 633
1662376602902 0.024541195684875575 634
1662376604136 0.014541765302671627 635
1662376605375 0.07509924215084807 636
1662376606604 0.029617537313432835 637
1662376607896 0.017577017577017576 638
1662376609194 0.017346138769110155 639
1662376610469 0.04810204395266636 640
1662376611763 0.019078768056691196 641
1662376613022 0.01843817787418655 642
1662376614251 0.026356645124020653 643
1662376615536 0.010438019203797605 644
1662376616812 0.017754318618042227 645
1662376618041 0.027867474675985313 646
1662376619316 0.024667508730217697 647
1662376620620 0.022506911724621315 648
1662376621940 0.013638130233544148 649
1662376623211 0.019328845369237044 650
1662376624487 0.01794637201773524 651
1662376625779 0.02045097011012061 652
1662376627056 0.02224239673172946 653
1662376628351 0.03331037197402086 654
1662376629610 0.01632221700328793 655
1662376630908 0.014891735372150744 656
1662376632165 0.04857015192135836 657
1662376633447 0.02443802845947618 658
1662376634711 0.030689135498013425 659
1662376635988 0.014843432289548597 660
1662376637238 0.019798093101514303 661
1662376638520 0.03015873015873016 662
1662376639819 0.03347280334728033 663
1662376641103 0.029211295034079845 664
1662376642381 0.01539285236246821 665
1662376643700 0.034902095499828235 666
1662376644963 0.015179086591806844 667
1662376646233 0.03689519895385765 668
1662376647490 0.02012151303325276 669
1662376648778 0.03682946357085669 670
1662376650081 0.04047029702970297 671
1662376651311 0.012867748144074787 672
1662376652585 0.027059188741721855 673
1662376653912 0.016724840023269343 674
1662376655113 0.018962816390469123 675
1662376656368 0.012363311760767685 676
1662376657677 0.025635745907546588 677
1662376658987 0.018276862026862028 678
1662376660224 0.05943450663589152 679
1662376661482 0.014668520205167538 680
1662376662778 0.026255100230619124 681
1662376664053 0.015407798078734224 682
1662376665295 0.016697057456469662 683
1662376666565 0.04100901916572717 684
1662376667832 0.014887183065829262 685
1662376669087 0.02361845109936713 686
1662376670349 0.02123863243927708 687
1662376671596 0.022677564176355473 688
1662376672901 0.04190239118956023 689
1662376674191 0.03164844025600968 690
1662376675432 0.03661553686293914 691
1662376676717 0.029711246200607902 692
1662376677954 0.032881821751079704 693
1662376679207 0.01635360234924814 694
1662376680440 0.016190075693860388 695
1662376681668 0.022976680384087792 696
1662376682951 0.017625078535762707 697
1662376684211 0.013453912012156703 698
1662376685436 0.014547570555717195 699
1662376686683 0.024108322324966975 700
1662376687917 0.017117785193424793 701
1662376689162 0.017146528530699114 702
1662376690414 0.016528008874098724 703
1662376691703 0.01897477814105558 704
1662376693025 0.02348682887593002 705
1662376694291 0.02760805612129441 706
1662376695556 0.017140864019133988 707
1662376696805 0.020946242859235388 708
1662376698086 0.014475271411338963 709
1662376699356 0.05067778936392075 710
1662376700638 0.0347186840381396 711
1662376701886 0.019224047535826634 712
1662376703137 0.030217227801619253 713
1662376704421 0.019576868829337093 714
1662376705778 0.029265933002781474 715
1662376707054 0.02797574726092969 716
1662376708298 0.020042548426827903 717
1662376709585 0.023407952570786057 718
1662376710865 0.060781817324468336 719
1662376712158 0.02139501633986928 720
1662376713445 0.017394495412844036 721
1662376714720 0.01587986536635885 722
1662376716001 0.024484056412589435 723
1662376717279 0.037488659045545276 724
1662376718515 0.01951528129258322 725
1662376719790 0.009763866768229348 726
1662376721084 0.01394660843840248 727
1662376722361 0.011214516568669444 728
1662376723657 0.022712117051739693 729
1662376724902 0.015076289658512957 730
1662376726159 0.04157777226494666 731
1662376727426 0.028349060408097426 732
1662376728712 0.04060343444069973 733
1662376729982 0.02975612013512888 734
1662376731269 0.011782574676669582 735
1662376732516 0.027232478489683402 736
1662376733781 0.02561997043849565 737
1662376734994 0.01940861282000397 738
1662376736270 0.01637504126774513 739
1662376737501 0.014624620881631975 740
1662376738776 0.046348212335250855 741
1662376740034 0.015176278309596078 742
1662376741310 0.024574170753572745 743
1662376742577 0.022319871660737952 744
1662376743845 0.03203751836365691 745
1662376745086 0.016825689955883863 746
1662376746309 0.03520106939957669 747
1662376747584 0.014948705422569614 748
1662376748853 0.010735979658143806 749
1662376750109 0.020968547179231155 750
1662376751404 0.023289735984830067 751
1662376752662 0.03148259046967234 752
1662376753924 0.018106230512554018 753
1662376755223 0.01739356178608515 754
1662376756495 0.02251535137593814 755
1662376757734 0.0400096215522771 756
1662376759020 0.04487221601734446 757
1662376760279 0.032665909794612445 758
1662376761589 0.028822495606326888 759
1662376762849 0.021656411917098446 760
1662376764108 0.039342939903934296 761
1662376765380 0.015144344533838144 762
1662376766742 0.0246531110917183 763
1662376767989 0.015260878531656011 764
1662376769241 0.011781183061459878 765
1662376770534 0.011687727885719994 766
1662376771819 0.018292066700353715 767
1662376773052 0.017069411730495216 768
1662376774316 0.016550522648083623 769
1662376775571 0.015470580876527251 770
1662376776842 0.01642219387755102 771
1662376778111 0.02811381836769467 772
1662376779367 0.010387892463914718 773
1662376780578 0.019668100799016593 774
1662376781814 0.03873033049280851 775
1662376783060 0.015580736543909348 776
1662376784309 0.04558984026193075 777
1662376785572 0.02849506740557324 778
1662376786855 0.017061926714509765 779
1662376788099 0.020125427594070697 780
1662376789396 0.0201975762908451 781
1662376790668 0.020920146270941405 782
1662376791923 0.052936144517687314 783
1662376793214 0.017987152034261242 784
1662376794519 0.021075924112163094 785
1662376795814 0.06545658983214199 786
1662376797087 0.014408153810516562 787
1662376798345 0.016491560454702032 788
1662376799639 0.018511662347278787 789
1662376800908 0.0290677374301676 790
1662376802178 0.021994924248250405 791
1662376803454 0.01605584642233857 792
1662376804721 0.013275686673448627 793
1662376805986 0.026796161947109758 794
1662376807211 0.019444673313009805 795
1662376808436 0.02001892147587512 796
1662376809686 0.041151126822801594 797
1662376810956 0.02741214829126917 798
1662376811705 0.02787897988278156 799
