1662375794572 96.5 0
1662375795775 100.5 1
1662375797151 107.5 2
1662375798413 96.0 3
1662375799675 97.5 4
1662375800889 104.0 5
1662375802129 97.5 6
1662375803399 96.0 7
1662375804664 100.5 8
1662375805918 102.5 9
1662375807163 96.0 10
1662375808412 96.0 11
1662375809665 107.5 12
1662375810951 96.0 13
1662375812171 99.5 14
1662375813398 100.0 15
1662375814649 106.0 16
1662375815880 99.0 17
1662375817185 103.0 18
1662375818456 105.5 19
1662375819720 98.5 20
1662375821041 96.0 21
1662375822321 96.0 22
1662375823561 99.0 23
1662375824805 106.5 24
1662375826062 102.5 25
1662375827268 106.0 26
1662375828556 96.0 27
1662375829810 97.5 28
1662375831068 103.0 29
1662375832331 99.0 30
1662375833613 104.5 31
1662375834861 105.5 32
1662375836131 109.0 33
1662375837371 100.5 34
1662375838630 96.0 35
1662375839893 96.0 36
1662375841145 100.0 37
1662375842427 99.0 38
1662375843690 96.0 39
1662375845008 97.5 40
1662375846307 101.5 41
1662375847593 105.5 42
1662375848872 101.5 43
1662375850116 96.0 44
1662375851413 102.0 45
1662375852672 106.0 46
1662375853928 96.0 47
1662375855187 96.0 48
1662375856452 104.0 49
1662375857726 96.0 50
1662375859013 97.5 51
1662375860311 96.0 52
1662375861650 96.5 53
1662375862923 102.0 54
1662375864185 97.0 55
1662375865475 103.0 56
1662375866748 100.0 57
1662375868057 98.5 58
1662375869302 108.5 59
1662375870589 96.0 60
1662375871902 98.0 61
1662375873281 100.0 62
1662375874553 96.0 63
1662375875811 96.5 64
1662375877090 98.5 65
1662375878331 112.5 66
1662375879605 98.5 67
1662375880897 101.5 68
1662375882161 100.0 69
1662375883446 101.0 70
1662375884715 96.0 71
1662375885948 101.5 72
1662375887225 96.0 73
1662375888484 96.0 74
1662375889760 96.5 75
1662375891039 103.0 76
1662375892294 113.0 77
1662375893544 103.0 78
1662375894827 102.0 79
1662375896072 96.0 80
1662375897424 99.0 81
1662375898726 96.0 82
1662375899976 96.0 83
1662375901283 100.5 84
1662375902563 104.0 85
1662375903843 105.0 86
1662375905106 101.0 87
1662375906397 102.5 88
1662375907662 101.5 89
1662375908929 96.0 90
1662375910201 96.0 91
1662375911497 103.0 92
1662375912762 97.5 93
1662375914041 96.0 94
1662375915325 96.0 95
1662375916606 98.0 96
1662375917906 105.5 97
1662375919208 99.0 98
1662375920509 96.0 99
1662375921807 104.0 100
1662375923090 96.0 101
1662375924360 102.5 102
1662375925710 99.0 103
1662375926997 96.0 104
1662375928315 104.0 105
1662375929624 96.0 106
1662375930908 101.0 107
1662375932254 103.5 108
1662375933540 96.0 109
1662375934805 108.5 110
1662375936089 99.0 111
1662375937377 96.0 112
1662375938636 96.0 113
1662375939908 104.0 114
1662375941216 103.5 115
1662375942485 98.0 116
1662375943696 111.5 117
1662375944949 100.0 118
1662375946254 102.5 119
1662375947536 101.0 120
1662375948820 106.0 121
1662375950103 104.0 122
1662375951396 113.5 123
1662375952637 99.5 124
1662375953949 96.0 125
1662375955199 102.5 126
1662375956489 96.0 127
1662375957795 98.5 128
1662375959059 102.0 129
1662375960327 103.0 130
1662375961560 103.5 131
1662375962818 96.0 132
1662375964110 96.0 133
1662375965393 96.0 134
1662375966678 108.5 135
1662375967980 96.0 136
1662375969263 97.5 137
1662375970537 99.0 138
1662375971822 106.0 139
1662375973116 106.5 140
1662375974397 101.0 141
1662375975675 96.0 142
1662375976957 96.0 143
1662375978206 96.0 144
1662375979490 96.0 145
1662375980720 103.5 146
1662375982010 99.0 147
1662375983258 103.0 148
1662375984503 106.5 149
1662375985771 107.5 150
1662375987051 100.5 151
1662375988317 96.5 152
1662375989624 109.0 153
1662375990916 109.5 154
1662375992207 96.0 155
1662375993488 96.0 156
1662375994785 107.5 157
1662375996055 96.0 158
1662375997348 103.0 159
1662375998592 96.0 160
1662375999853 96.0 161
1662376001097 96.0 162
1662376002403 104.5 163
1662376003706 96.0 164
1662376004967 107.5 165
1662376006211 96.0 166
1662376007474 105.0 167
1662376008748 96.0 168
1662376010027 101.5 169
1662376011301 99.5 170
1662376012630 98.5 171
1662376013928 96.0 172
1662376015237 96.0 173
1662376016537 96.0 174
1662376017788 106.5 175
1662376019068 96.0 176
1662376020343 101.0 177
1662376021620 104.0 178
1662376022910 100.5 179
1662376024216 106.5 180
1662376025518 96.0 181
1662376026845 96.0 182
1662376028148 96.0 183
1662376029425 96.0 184
1662376030684 96.0 185
1662376031997 104.0 186
1662376033303 97.0 187
1662376034580 104.0 188
1662376035835 96.0 189
1662376037132 108.0 190
1662376038407 96.0 191
1662376039688 101.5 192
1662376040988 99.0 193
1662376042245 107.0 194
1662376043478 106.0 195
1662376044766 99.0 196
1662376046027 102.0 197
1662376047294 97.0 198
1662376048588 105.0 199
1662376049830 105.5 200
1662376051136 106.0 201
1662376052441 101.0 202
1662376053670 100.0 203
1662376054950 96.0 204
1662376056230 96.0 205
1662376057500 96.0 206
1662376058745 110.0 207
1662376060011 102.0 208
1662376061265 112.0 209
1662376062522 100.5 210
1662376063807 102.5 211
1662376065099 106.5 212
1662376066355 103.5 213
1662376067652 97.5 214
1662376068913 97.0 215
1662376070210 97.5 216
1662376071470 96.0 217
1662376072716 96.0 218
1662376073980 96.5 219
1662376075249 102.0 220
1662376076572 99.0 221
1662376077880 99.0 222
1662376079148 96.0 223
1662376080437 96.0 224
1662376081707 103.5 225
1662376082992 101.5 226
1662376084273 96.0 227
1662376085529 96.0 228
1662376086793 104.0 229
1662376088116 99.5 230
1662376089389 98.0 231
1662376090660 100.0 232
1662376091936 107.0 233
1662376093219 106.0 234
1662376094457 104.5 235
1662376095728 99.5 236
1662376097005 105.0 237
1662376098244 113.0 238
1662376099554 96.0 239
1662376100806 104.0 240
1662376102076 96.0 241
1662376103339 99.0 242
1662376104569 107.5 243
1662376105829 96.0 244
1662376107104 96.0 245
1662376108385 96.0 246
1662376109674 109.0 247
1662376110899 96.0 248
1662376112189 101.0 249
1662376113498 96.5 250
1662376114759 104.5 251
1662376116012 96.0 252
1662376117275 103.5 253
1662376118563 96.0 254
1662376119871 98.0 255
1662376121114 109.5 256
1662376122392 100.5 257
1662376123680 97.5 258
1662376124940 110.5 259
1662376126181 97.0 260
1662376127428 99.0 261
1662376128708 96.0 262
1662376129929 100.0 263
1662376131167 100.0 264
1662376132429 111.5 265
1662376133693 96.0 266
1662376134945 104.0 267
1662376136224 96.0 268
1662376137514 102.0 269
1662376138782 100.5 270
1662376140047 107.5 271
1662376141324 108.5 272
1662376142606 97.5 273
1662376143837 98.5 274
1662376145139 100.0 275
1662376146440 103.5 276
1662376147718 96.0 277
1662376149000 96.0 278
1662376150292 96.0 279
1662376151564 104.5 280
1662376152876 96.0 281
1662376154097 107.0 282
1662376155377 96.0 283
1662376156653 100.0 284
1662376157937 101.0 285
1662376159195 102.5 286
1662376160486 98.5 287
1662376161745 98.0 288
1662376163045 98.5 289
1662376164317 97.5 290
1662376165619 102.5 291
1662376166871 96.0 292
1662376168156 99.5 293
1662376169447 100.0 294
1662376170754 107.5 295
1662376172058 98.5 296
1662376173324 99.5 297
1662376174583 104.0 298
1662376175927 98.5 299
1662376177180 96.0 300
1662376178473 103.5 301
1662376179772 96.0 302
1662376181022 109.5 303
1662376182262 96.0 304
1662376183531 101.5 305
1662376184795 101.0 306
1662376186065 106.0 307
1662376187374 110.5 308
1662376188647 96.0 309
1662376189916 96.0 310
1662376191165 108.0 311
1662376192429 96.0 312
1662376193729 97.0 313
1662376195017 96.0 314
1662376196331 97.0 315
1662376197599 99.5 316
1662376198834 99.5 317
1662376200131 101.5 318
1662376201415 96.0 319
1662376202689 96.0 320
1662376203994 103.5 321
1662376205258 104.0 322
1662376206619 96.0 323
1662376207930 104.0 324
1662376209192 107.0 325
1662376210491 106.0 326
1662376211742 96.0 327
1662376212998 104.0 328
1662376214256 102.0 329
1662376215557 105.0 330
1662376216811 101.5 331
1662376218077 96.0 332
1662376219336 102.0 333
1662376220597 106.5 334
1662376221895 102.5 335
1662376223226 103.5 336
1662376224512 102.0 337
1662376225778 96.0 338
1662376227036 98.0 339
1662376228317 98.0 340
1662376229585 96.0 341
1662376230906 96.5 342
1662376232188 96.0 343
1662376233502 96.0 344
1662376234780 96.0 345
1662376236027 112.0 346
1662376237284 105.5 347
1662376238601 96.0 348
1662376239896 97.0 349
1662376241174 97.5 350
1662376242437 96.0 351
1662376243717 105.0 352
1662376244976 100.0 353
1662376246263 103.0 354
1662376247545 103.0 355
1662376248826 97.0 356
1662376250110 96.0 357
1662376251347 97.0 358
1662376252630 96.0 359
1662376253901 105.0 360
1662376255160 96.0 361
1662376256452 96.0 362
1662376257754 104.0 363
1662376259036 100.0 364
1662376260303 103.0 365
1662376261612 96.0 366
1662376262917 96.0 367
1662376264218 102.5 368
1662376265483 102.5 369
1662376266757 107.5 370
1662376268021 115.0 371
1662376269276 96.5 372
1662376270535 96.0 373
1662376271776 96.0 374
1662376273070 96.0 375
1662376274369 101.0 376
1662376275641 97.5 377
1662376276922 103.0 378
1662376278185 106.0 379
1662376279459 104.5 380
1662376280707 101.5 381
1662376282031 100.0 382
1662376283313 99.5 383
1662376284581 98.0 384
1662376285889 109.5 385
1662376287173 100.5 386
1662376288412 105.5 387
1662376289694 96.0 388
1662376291000 108.0 389
1662376292272 96.0 390
1662376293527 101.0 391
1662376294751 109.5 392
1662376295994 96.0 393
1662376297261 98.0 394
1662376298518 96.0 395
1662376299785 104.5 396
1662376301061 99.0 397
1662376302313 98.0 398
1662376303620 96.0 399
1662376304880 98.5 400
1662376306163 97.0 401
1662376307482 96.0 402
1662376308805 105.5 403
1662376310065 104.5 404
1662376311341 100.5 405
1662376312628 98.5 406
1662376313924 96.0 407
1662376315170 107.5 408
1662376316467 102.5 409
1662376317753 96.0 410
1662376319047 96.0 411
1662376320336 104.5 412
1662376321597 96.5 413
1662376322868 97.0 414
1662376324123 96.0 415
1662376325360 99.5 416
1662376326657 101.0 417
1662376327892 96.0 418
1662376329140 106.0 419
1662376330383 104.5 420
1662376331663 96.0 421
1662376332925 98.0 422
1662376334170 97.5 423
1662376335452 103.0 424
1662376336741 98.0 425
1662376338019 106.5 426
1662376339264 97.0 427
1662376340498 111.0 428
1662376341783 110.0 429
1662376343045 96.0 430
1662376344299 98.5 431
1662376345564 101.0 432
1662376346782 96.0 433
1662376348024 96.0 434
1662376349246 104.0 435
1662376350505 96.0 436
1662376351758 96.0 437
1662376353058 102.5 438
1662376354292 107.5 439
1662376355567 96.0 440
1662376356857 105.5 441
1662376358119 98.0 442
1662376359425 112.0 443
1662376360682 98.5 444
1662376361930 102.5 445
1662376363196 107.5 446
1662376364473 101.5 447
1662376365753 96.0 448
1662376367026 99.5 449
1662376368263 96.0 450
1662376369520 96.0 451
1662376370771 96.0 452
1662376372059 102.5 453
1662376373318 96.5 454
1662376374569 96.0 455
1662376375836 100.0 456
1662376377133 96.0 457
1662376378449 96.0 458
1662376379830 100.0 459
1662376381136 100.0 460
1662376382478 103.5 461
1662376383694 104.0 462
1662376384969 102.5 463
1662376386246 96.0 464
1662376387604 103.0 465
1662376388894 98.5 466
1662376390192 99.0 467
1662376391468 107.5 468
1662376392734 105.0 469
1662376394018 96.0 470
1662376395317 102.0 471
1662376396588 109.0 472
1662376397860 102.5 473
1662376399089 96.0 474
1662376400377 96.0 475
1662376401718 96.0 476
1662376402983 96.0 477
1662376404236 100.0 478
1662376405506 96.0 479
1662376406780 104.5 480
1662376408056 107.0 481
1662376409306 103.0 482
1662376410570 104.0 483
1662376411838 96.0 484
1662376413132 100.5 485
1662376414385 96.5 486
1662376415628 103.5 487
1662376416880 100.0 488
1662376418157 96.0 489
1662376419413 96.0 490
1662376420702 102.5 491
1662376421906 102.0 492
1662376423189 96.0 493
1662376424437 98.5 494
1662376425788 96.0 495
1662376427047 99.0 496
1662376428263 105.5 497
1662376429536 101.5 498
1662376430794 102.0 499
1662376432009 103.5 500
1662376433276 96.0 501
1662376434515 96.0 502
1662376435776 104.5 503
1662376437039 106.5 504
1662376438320 102.5 505
1662376439586 101.5 506
1662376440864 96.0 507
1662376442140 99.5 508
1662376443393 99.0 509
1662376444632 102.0 510
1662376445892 96.0 511
1662376447108 98.5 512
1662376448372 109.0 513
1662376449694 100.0 514
1662376450974 96.0 515
1662376452259 101.5 516
1662376453489 96.0 517
1662376454728 104.0 518
1662376456002 96.0 519
1662376457329 96.0 520
1662376458626 102.5 521
1662376459873 115.5 522
1662376461144 96.0 523
1662376462406 98.0 524
1662376463717 99.5 525
1662376465023 96.0 526
1662376466268 105.5 527
1662376467550 100.0 528
1662376468841 96.0 529
1662376470141 96.0 530
1662376471381 96.0 531
1662376472613 101.5 532
1662376473884 100.5 533
1662376475185 96.0 534
1662376476464 96.0 535
1662376477747 97.0 536
1662376479037 102.0 537
1662376480307 99.0 538
1662376481541 96.0 539
1662376482777 113.5 540
1662376484061 103.5 541
1662376485348 103.0 542
1662376486604 110.5 543
1662376487881 108.0 544
1662376489166 97.5 545
1662376490434 97.0 546
1662376491696 98.0 547
1662376492953 97.0 548
1662376494193 96.0 549
1662376495479 99.5 550
1662376496828 103.0 551
1662376498078 96.0 552
1662376499380 96.0 553
1662376500631 96.0 554
1662376501936 97.5 555
1662376503233 104.0 556
1662376504505 100.5 557
1662376505770 100.0 558
1662376507050 96.0 559
1662376508318 103.5 560
1662376509607 100.5 561
1662376510867 98.0 562
1662376512144 96.0 563
1662376513422 102.0 564
1662376514687 106.5 565
1662376515926 113.5 566
1662376517218 96.0 567
1662376518520 96.5 568
1662376519872 96.0 569
1662376521150 96.0 570
1662376522433 100.5 571
1662376523730 96.0 572
1662376525014 100.0 573
1662376526310 107.5 574
1662376527577 96.0 575
1662376528855 102.5 576
1662376530145 96.0 577
1662376531388 96.0 578
1662376532687 97.5 579
1662376533990 99.5 580
1662376535256 96.0 581
1662376536515 96.0 582
1662376537797 103.0 583
1662376539044 113.0 584
1662376540327 97.0 585
1662376541545 96.0 586
1662376542790 103.5 587
1662376544034 105.5 588
1662376545328 104.5 589
1662376546596 101.5 590
1662376547896 97.0 591
1662376549162 98.0 592
1662376550436 96.0 593
1662376551679 96.0 594
1662376552932 101.5 595
1662376554196 96.0 596
1662376555472 110.0 597
1662376556807 97.0 598
1662376558073 105.5 599
1662376559355 96.0 600
1662376560667 96.0 601
1662376561916 96.5 602
1662376563195 96.0 603
1662376564406 102.0 604
1662376565680 99.0 605
1662376566962 98.5 606
1662376568263 115.0 607
1662376569531 97.5 608
1662376570830 96.0 609
1662376572116 107.5 610
1662376573410 103.0 611
1662376574658 99.0 612
1662376575924 105.0 613
1662376577241 96.0 614
1662376578488 101.0 615
1662376579774 99.0 616
1662376581039 102.0 617
1662376582329 98.5 618
1662376583642 101.5 619
1662376584911 98.0 620
1662376586240 97.0 621
1662376587547 96.0 622
1662376588896 101.0 623
1662376590169 96.0 624
1662376591404 106.0 625
1662376592640 98.5 626
1662376593916 102.0 627
1662376595173 96.5 628
1662376596441 96.0 629
1662376597793 96.0 630
1662376599070 105.0 631
1662376600325 103.0 632
1662376601622 96.0 633
1662376602898 96.0 634
1662376604132 108.5 635
1662376605372 96.5 636
1662376606600 103.5 637
1662376607892 98.0 638
1662376609191 111.0 639
1662376610465 96.0 640
1662376611759 98.0 641
1662376613020 103.0 642
1662376614247 96.0 643
1662376615532 96.0 644
1662376616809 106.0 645
1662376618038 101.0 646
1662376619313 103.0 647
1662376620617 96.0 648
1662376621936 96.0 649
1662376623207 97.5 650
1662376624484 96.0 651
1662376625774 100.5 652
1662376627053 96.5 653
1662376628348 96.0 654
1662376629606 104.5 655
1662376630905 96.0 656
1662376632163 96.0 657
1662376633443 101.0 658
1662376634707 96.0 659
1662376635985 105.0 660
1662376637234 99.5 661
1662376638516 106.5 662
1662376639815 96.0 663
1662376641099 102.0 664
1662376642376 105.5 665
1662376643696 98.0 666
1662376644960 103.5 667
1662376646230 106.5 668
1662376647486 102.5 669
1662376648775 103.5 670
1662376650078 103.0 671
1662376651308 104.0 672
1662376652581 99.0 673
1662376653910 104.0 674
1662376655110 96.0 675
1662376656364 96.0 676
1662376657673 102.5 677
1662376658982 96.0 678
1662376660221 97.0 679
1662376661478 96.0 680
1662376662774 105.5 681
1662376664049 96.0 682
1662376665293 97.0 683
1662376666561 96.0 684
1662376667828 110.5 685
1662376669084 97.0 686
1662376670346 102.5 687
1662376671593 96.5 688
1662376672897 96.0 689
1662376674188 99.0 690
1662376675430 105.0 691
1662376676713 96.0 692
1662376677950 101.5 693
1662376679203 101.5 694
1662376680437 110.0 695
1662376681665 108.5 696
1662376682949 96.0 697
1662376684207 97.0 698
1662376685433 99.5 699
1662376686679 101.5 700
1662376687913 99.5 701
1662376689159 96.0 702
1662376690410 96.0 703
1662376691700 101.0 704
1662376693022 99.5 705
1662376694289 103.5 706
1662376695552 99.0 707
1662376696803 98.0 708
1662376698082 100.0 709
1662376699352 100.0 710
1662376700634 96.0 711
1662376701883 96.0 712
1662376703133 96.0 713
1662376704418 106.0 714
1662376705774 113.5 715
1662376707051 99.5 716
1662376708294 101.0 717
1662376709582 103.0 718
1662376710862 96.0 719
1662376712154 96.0 720
1662376713441 105.0 721
1662376714716 107.5 722
1662376715996 103.5 723
1662376717276 96.0 724
1662376718513 96.0 725
1662376719786 103.0 726
1662376721081 103.5 727
1662376722357 101.5 728
1662376723653 96.0 729
1662376724898 100.5 730
1662376726156 96.0 731
1662376727423 96.0 732
1662376728708 96.0 733
1662376729978 96.0 734
1662376731266 104.0 735
1662376732513 103.0 736
1662376733778 100.5 737
1662376734991 96.0 738
1662376736268 96.0 739
1662376737497 101.5 740
1662376738773 96.0 741
1662376740031 101.0 742
1662376741307 96.0 743
1662376742575 106.0 744
1662376743841 100.0 745
1662376745084 97.5 746
1662376746305 102.5 747
1662376747581 96.5 748
1662376748850 106.5 749
1662376750106 96.5 750
1662376751401 96.0 751
1662376752659 101.5 752
1662376753921 103.0 753
1662376755220 105.5 754
1662376756490 102.0 755
1662376757731 96.0 756
1662376759016 104.0 757
1662376760276 98.5 758
1662376761585 107.5 759
1662376762846 97.5 760
1662376764105 96.0 761
1662376765376 96.0 762
1662376766738 96.0 763
1662376767985 104.5 764
1662376769237 98.0 765
1662376770530 102.5 766
1662376771815 110.0 767
1662376773050 96.0 768
1662376774314 96.0 769
1662376775567 102.0 770
1662376776839 99.5 771
1662376778108 97.5 772
1662376779365 103.0 773
1662376780575 96.0 774
1662376781811 96.0 775
1662376783056 103.5 776
1662376784306 100.5 777
1662376785568 96.0 778
1662376786852 100.0 779
1662376788097 97.0 780
1662376789392 96.0 781
1662376790665 96.0 782
1662376791919 102.0 783
1662376793210 105.5 784
1662376794515 97.0 785
1662376795809 96.0 786
1662376797084 99.0 787
1662376798342 102.5 788
1662376799635 96.0 789
1662376800904 108.0 790
1662376802174 103.0 791
1662376803450 110.0 792
1662376804718 100.5 793
1662376805984 96.0 794
1662376807208 106.0 795
1662376808433 97.5 796
1662376809681 101.0 797
1662376810952 103.5 798
1662376811699 103.0 799
