1662375794571 31.5 0
1662375795774 27.5 1
1662375797151 20.5 2
1662375798413 32.0 3
1662375799675 30.5 4
1662375800889 24.0 5
1662375802128 30.5 6
1662375803398 32.0 7
1662375804663 27.5 8
1662375805918 25.5 9
1662375807163 32.0 10
1662375808411 32.0 11
1662375809664 20.5 12
1662375810950 32.0 13
1662375812170 28.5 14
1662375813397 28.0 15
1662375814648 22.0 16
1662375815879 29.0 17
1662375817185 25.0 18
1662375818455 22.5 19
1662375819719 29.5 20
1662375821040 32.0 21
1662375822320 32.0 22
1662375823561 29.0 23
1662375824804 21.5 24
1662375826061 25.5 25
1662375827267 22.0 26
1662375828555 32.0 27
1662375829809 30.5 28
1662375831067 25.0 29
1662375832331 29.0 30
1662375833612 23.5 31
1662375834860 22.5 32
1662375836131 19.0 33
1662375837371 27.5 34
1662375838630 32.0 35
1662375839892 32.0 36
1662375841144 28.0 37
1662375842426 29.0 38
1662375843689 32.0 39
1662375845007 30.5 40
1662375846307 26.5 41
1662375847592 22.5 42
1662375848871 26.5 43
1662375850115 32.0 44
1662375851412 26.0 45
1662375852671 22.0 46
1662375853927 32.0 47
1662375855187 32.0 48
1662375856451 24.0 49
1662375857725 32.0 50
1662375859013 30.5 51
1662375860311 32.0 52
1662375861649 31.5 53
1662375862922 26.0 54
1662375864184 31.0 55
1662375865474 25.0 56
1662375866747 28.0 57
1662375868056 29.5 58
1662375869301 19.5 59
1662375870588 32.0 60
1662375871902 30.0 61
1662375873280 28.0 62
1662375874552 32.0 63
1662375875811 31.5 64
1662375877089 29.5 65
1662375878331 15.5 66
1662375879604 29.5 67
1662375880896 26.5 68
1662375882161 28.0 69
1662375883445 27.0 70
1662375884714 32.0 71
1662375885947 26.5 72
1662375887224 32.0 73
1662375888483 32.0 74
1662375889759 31.5 75
1662375891038 25.0 76
1662375892293 15.0 77
1662375893544 25.0 78
1662375894826 26.0 79
1662375896071 32.0 80
1662375897423 29.0 81
1662375898725 32.0 82
1662375899975 32.0 83
1662375901282 27.5 84
1662375902563 24.0 85
1662375903843 23.0 86
1662375905105 27.0 87
1662375906397 25.5 88
1662375907661 26.5 89
1662375908929 32.0 90
1662375910200 32.0 91
1662375911496 25.0 92
1662375912761 30.5 93
1662375914041 32.0 94
1662375915325 32.0 95
1662375916606 30.0 96
1662375917906 22.5 97
1662375919207 29.0 98
1662375920508 32.0 99
1662375921806 24.0 100
1662375923089 32.0 101
1662375924360 25.5 102
1662375925709 29.0 103
1662375926996 32.0 104
1662375928314 24.0 105
1662375929623 32.0 106
1662375930907 27.0 107
1662375932253 24.5 108
1662375933539 32.0 109
1662375934805 19.5 110
1662375936088 29.0 111
1662375937376 32.0 112
1662375938635 32.0 113
1662375939907 24.0 114
1662375941215 24.5 115
1662375942484 30.0 116
1662375943695 16.5 117
1662375944948 28.0 118
1662375946253 25.5 119
1662375947535 27.0 120
1662375948819 22.0 121
1662375950102 24.0 122
1662375951396 14.5 123
1662375952637 28.5 124
1662375953948 32.0 125
1662375955199 25.5 126
1662375956488 32.0 127
1662375957794 29.5 128
1662375959058 26.0 129
1662375960326 25.0 130
1662375961559 24.5 131
1662375962818 32.0 132
1662375964109 32.0 133
1662375965393 32.0 134
1662375966677 19.5 135
1662375967979 32.0 136
1662375969263 30.5 137
1662375970537 29.0 138
1662375971821 22.0 139
1662375973116 21.5 140
1662375974396 27.0 141
1662375975674 32.0 142
1662375976957 32.0 143
1662375978205 32.0 144
1662375979489 32.0 145
1662375980719 24.5 146
1662375982010 29.0 147
1662375983257 25.0 148
1662375984502 21.5 149
1662375985770 20.5 150
1662375987051 27.5 151
1662375988316 31.5 152
1662375989623 19.0 153
1662375990915 18.5 154
1662375992206 32.0 155
1662375993487 32.0 156
1662375994784 20.5 157
1662375996054 32.0 158
1662375997347 25.0 159
1662375998592 32.0 160
1662375999852 32.0 161
1662376001096 32.0 162
1662376002402 23.5 163
1662376003706 32.0 164
1662376004966 20.5 165
1662376006210 32.0 166
1662376007474 23.0 167
1662376008747 32.0 168
1662376010026 26.5 169
1662376011300 28.5 170
1662376012629 29.5 171
1662376013928 32.0 172
1662376015236 32.0 173
1662376016536 32.0 174
1662376017787 21.5 175
1662376019067 32.0 176
1662376020342 27.0 177
1662376021620 24.0 178
1662376022909 27.5 179
1662376024215 21.5 180
1662376025517 32.0 181
1662376026844 32.0 182
1662376028147 32.0 183
1662376029424 32.0 184
1662376030683 32.0 185
1662376031996 24.0 186
1662376033302 31.0 187
1662376034580 24.0 188
1662376035834 32.0 189
1662376037131 20.0 190
1662376038406 32.0 191
1662376039687 26.5 192
1662376040987 29.0 193
1662376042244 21.0 194
1662376043477 22.0 195
1662376044765 29.0 196
1662376046027 26.0 197
1662376047294 31.0 198
1662376048587 23.0 199
1662376049829 22.5 200
1662376051136 22.0 201
1662376052440 27.0 202
1662376053669 28.0 203
1662376054949 32.0 204
1662376056230 32.0 205
1662376057499 32.0 206
1662376058744 18.0 207
1662376060010 26.0 208
1662376061264 16.0 209
1662376062522 27.5 210
1662376063807 25.5 211
1662376065098 21.5 212
1662376066354 24.5 213
1662376067651 30.5 214
1662376068913 31.0 215
1662376070209 30.5 216
1662376071470 32.0 217
1662376072715 32.0 218
1662376073979 31.5 219
1662376075248 26.0 220
1662376076571 29.0 221
1662376077879 29.0 222
1662376079147 32.0 223
1662376080436 32.0 224
1662376081707 24.5 225
1662376082991 26.5 226
1662376084273 32.0 227
1662376085528 32.0 228
1662376086792 24.0 229
1662376088115 28.5 230
1662376089388 30.0 231
1662376090659 28.0 232
1662376091936 21.0 233
1662376093218 22.0 234
1662376094456 23.5 235
1662376095727 28.5 236
1662376097004 23.0 237
1662376098244 15.0 238
1662376099553 32.0 239
1662376100806 24.0 240
1662376102075 32.0 241
1662376103339 29.0 242
1662376104569 20.5 243
1662376105829 32.0 244
1662376107103 32.0 245
1662376108384 32.0 246
1662376109673 19.0 247
1662376110899 32.0 248
1662376112188 27.0 249
1662376113497 31.5 250
1662376114758 23.5 251
1662376116012 32.0 252
1662376117274 24.5 253
1662376118562 32.0 254
1662376119870 30.0 255
1662376121113 18.5 256
1662376122391 27.5 257
1662376123679 30.5 258
1662376124939 17.5 259
1662376126180 31.0 260
1662376127427 29.0 261
1662376128707 32.0 262
1662376129929 28.0 263
1662376131167 28.0 264
1662376132428 16.5 265
1662376133692 32.0 266
1662376134944 24.0 267
1662376136224 32.0 268
1662376137513 26.0 269
1662376138781 27.5 270
1662376140046 20.5 271
1662376141323 19.5 272
1662376142606 30.5 273
1662376143837 29.5 274
1662376145138 28.0 275
1662376146439 24.5 276
1662376147717 32.0 277
1662376149000 32.0 278
1662376150291 32.0 279
1662376151564 23.5 280
1662376152876 32.0 281
1662376154096 21.0 282
1662376155377 32.0 283
1662376156652 28.0 284
1662376157936 27.0 285
1662376159194 25.5 286
1662376160485 29.5 287
1662376161745 30.0 288
1662376163044 29.5 289
1662376164316 30.5 290
1662376165618 25.5 291
1662376166870 32.0 292
1662376168156 28.5 293
1662376169447 28.0 294
1662376170754 20.5 295
1662376172057 29.5 296
1662376173323 28.5 297
1662376174583 24.0 298
1662376175927 29.5 299
1662376177179 32.0 300
1662376178472 24.5 301
1662376179772 32.0 302
1662376181022 18.5 303
1662376182261 32.0 304
1662376183530 26.5 305
1662376184794 27.0 306
1662376186064 22.0 307
1662376187373 17.5 308
1662376188647 32.0 309
1662376189915 32.0 310
1662376191164 20.0 311
1662376192428 32.0 312
1662376193728 31.0 313
1662376195017 32.0 314
1662376196330 31.0 315
1662376197598 28.5 316
1662376198833 28.5 317
1662376200130 26.5 318
1662376201414 32.0 319
1662376202688 32.0 320
1662376203993 24.5 321
1662376205257 24.0 322
1662376206618 32.0 323
1662376207929 24.0 324
1662376209191 21.0 325
1662376210490 22.0 326
1662376211741 32.0 327
1662376212998 24.0 328
1662376214255 26.0 329
1662376215556 23.0 330
1662376216810 26.5 331
1662376218077 32.0 332
1662376219335 26.0 333
1662376220596 21.5 334
1662376221895 25.5 335
1662376223226 24.5 336
1662376224511 26.0 337
1662376225777 32.0 338
1662376227035 30.0 339
1662376228317 30.0 340
1662376229584 32.0 341
1662376230905 31.5 342
1662376232188 32.0 343
1662376233501 32.0 344
1662376234779 32.0 345
1662376236027 16.0 346
1662376237283 22.5 347
1662376238600 32.0 348
1662376239895 31.0 349
1662376241173 30.5 350
1662376242436 32.0 351
1662376243716 23.0 352
1662376244976 28.0 353
1662376246262 25.0 354
1662376247544 25.0 355
1662376248826 31.0 356
1662376250110 32.0 357
1662376251347 31.0 358
1662376252630 32.0 359
1662376253900 23.0 360
1662376255159 32.0 361
1662376256451 32.0 362
1662376257753 24.0 363
1662376259035 28.0 364
1662376260303 25.0 365
1662376261611 32.0 366
1662376262916 32.0 367
1662376264217 25.5 368
1662376265482 25.5 369
1662376266757 20.5 370
1662376268021 13.0 371
1662376269275 31.5 372
1662376270534 32.0 373
1662376271775 32.0 374
1662376273069 32.0 375
1662376274368 27.0 376
1662376275641 30.5 377
1662376276921 25.0 378
1662376278184 22.0 379
1662376279458 23.5 380
1662376280706 26.5 381
1662376282030 28.0 382
1662376283312 28.5 383
1662376284580 30.0 384
1662376285888 18.5 385
1662376287173 27.5 386
1662376288411 22.5 387
1662376289693 32.0 388
1662376290999 20.0 389
1662376292272 32.0 390
1662376293526 27.0 391
1662376294750 18.5 392
1662376295993 32.0 393
1662376297260 30.0 394
1662376298517 32.0 395
1662376299784 23.5 396
1662376301060 29.0 397
1662376302312 30.0 398
1662376303619 32.0 399
1662376304879 29.5 400
1662376306163 31.0 401
1662376307481 32.0 402
1662376308804 22.5 403
1662376310065 23.5 404
1662376311340 27.5 405
1662376312627 29.5 406
1662376313923 32.0 407
1662376315169 20.5 408
1662376316467 25.5 409
1662376317752 32.0 410
1662376319046 32.0 411
1662376320335 23.5 412
1662376321596 31.5 413
1662376322867 31.0 414
1662376324122 32.0 415
1662376325360 28.5 416
1662376326656 27.0 417
1662376327891 32.0 418
1662376329140 22.0 419
1662376330383 23.5 420
1662376331662 32.0 421
1662376332924 30.0 422
1662376334170 30.5 423
1662376335452 25.0 424
1662376336741 30.0 425
1662376338019 21.5 426
1662376339263 31.0 427
1662376340498 17.0 428
1662376341782 18.0 429
1662376343044 32.0 430
1662376344299 29.5 431
1662376345563 27.0 432
1662376346781 32.0 433
1662376348024 32.0 434
1662376349246 24.0 435
1662376350504 32.0 436
1662376351758 32.0 437
1662376353057 25.5 438
1662376354291 20.5 439
1662376355566 32.0 440
1662376356856 22.5 441
1662376358118 30.0 442
1662376359424 16.0 443
1662376360681 29.5 444
1662376361929 25.5 445
1662376363195 20.5 446
1662376364472 26.5 447
1662376365752 32.0 448
1662376367025 28.5 449
1662376368262 32.0 450
1662376369520 32.0 451
1662376370771 32.0 452
1662376372058 25.5 453
1662376373318 31.5 454
1662376374568 32.0 455
1662376375836 28.0 456
1662376377132 32.0 457
1662376378448 32.0 458
1662376379829 28.0 459
1662376381136 28.0 460
1662376382478 24.5 461
1662376383693 24.0 462
1662376384968 25.5 463
1662376386245 32.0 464
1662376387603 25.0 465
1662376388893 29.5 466
1662376390191 29.0 467
1662376391467 20.5 468
1662376392733 23.0 469
1662376394017 32.0 470
1662376395316 26.0 471
1662376396587 19.0 472
1662376397859 25.5 473
1662376399088 32.0 474
1662376400377 32.0 475
1662376401717 32.0 476
1662376402983 32.0 477
1662376404235 28.0 478
1662376405505 32.0 479
1662376406779 23.5 480
1662376408055 21.0 481
1662376409306 25.0 482
1662376410569 24.0 483
1662376411837 32.0 484
1662376413131 27.5 485
1662376414384 31.5 486
1662376415627 24.5 487
1662376416879 28.0 488
1662376418157 32.0 489
1662376419412 32.0 490
1662376420701 25.5 491
1662376421906 26.0 492
1662376423188 32.0 493
1662376424436 29.5 494
1662376425788 32.0 495
1662376427046 29.0 496
1662376428262 22.5 497
1662376429535 26.5 498
1662376430794 26.0 499
1662376432008 24.5 500
1662376433275 32.0 501
1662376434514 32.0 502
1662376435776 23.5 503
1662376437039 21.5 504
1662376438320 25.5 505
1662376439585 26.5 506
1662376440863 32.0 507
1662376442139 28.5 508
1662376443392 29.0 509
1662376444632 26.0 510
1662376445891 32.0 511
1662376447108 29.5 512
1662376448371 19.0 513
1662376449694 28.0 514
1662376450973 32.0 515
1662376452259 26.5 516
1662376453488 32.0 517
1662376454727 24.0 518
1662376456002 32.0 519
1662376457328 32.0 520
1662376458625 25.5 521
1662376459872 12.5 522
1662376461144 32.0 523
1662376462405 30.0 524
1662376463716 28.5 525
1662376465022 32.0 526
1662376466267 22.5 527
1662376467549 28.0 528
1662376468841 32.0 529
1662376470140 32.0 530
1662376471380 32.0 531
1662376472612 26.5 532
1662376473883 27.5 533
1662376475184 32.0 534
1662376476463 32.0 535
1662376477746 31.0 536
1662376479036 26.0 537
1662376480307 29.0 538
1662376481541 32.0 539
1662376482776 14.5 540
1662376484061 24.5 541
1662376485347 25.0 542
1662376486603 17.5 543
1662376487880 20.0 544
1662376489165 30.5 545
1662376490433 31.0 546
1662376491695 30.0 547
1662376492952 31.0 548
1662376494192 32.0 549
1662376495478 28.5 550
1662376496827 25.0 551
1662376498078 32.0 552
1662376499379 32.0 553
1662376500630 32.0 554
1662376501936 30.5 555
1662376503233 24.0 556
1662376504505 27.5 557
1662376505770 28.0 558
1662376507049 32.0 559
1662376508317 24.5 560
1662376509607 27.5 561
1662376510867 30.0 562
1662376512143 32.0 563
1662376513421 26.0 564
1662376514686 21.5 565
1662376515925 14.5 566
1662376517218 32.0 567
1662376518519 31.5 568
1662376519871 32.0 569
1662376521149 32.0 570
1662376522432 27.5 571
1662376523729 32.0 572
1662376525013 28.0 573
1662376526309 20.5 574
1662376527576 32.0 575
1662376528854 25.5 576
1662376530144 32.0 577
1662376531387 32.0 578
1662376532686 30.5 579
1662376533990 28.5 580
1662376535256 32.0 581
1662376536515 32.0 582
1662376537797 25.0 583
1662376539043 15.0 584
1662376540326 31.0 585
1662376541544 32.0 586
1662376542790 24.5 587
1662376544034 22.5 588
1662376545328 23.5 589
1662376546595 26.5 590
1662376547895 31.0 591
1662376549161 30.0 592
1662376550436 32.0 593
1662376551678 32.0 594
1662376552932 26.5 595
1662376554196 32.0 596
1662376555471 18.0 597
1662376556807 31.0 598
1662376558072 22.5 599
1662376559354 32.0 600
1662376560666 32.0 601
1662376561915 31.5 602
1662376563195 32.0 603
1662376564405 26.0 604
1662376565680 29.0 605
1662376566962 29.5 606
1662376568262 13.0 607
1662376569531 30.5 608
1662376570829 32.0 609
1662376572115 20.5 610
1662376573409 25.0 611
1662376574657 29.0 612
1662376575923 23.0 613
1662376577240 32.0 614
1662376578488 27.0 615
1662376579774 29.0 616
1662376581039 26.0 617
1662376582328 29.5 618
1662376583641 26.5 619
1662376584910 30.0 620
1662376586239 31.0 621
1662376587546 32.0 622
1662376588895 27.0 623
1662376590168 32.0 624
1662376591403 22.0 625
1662376592640 29.5 626
1662376593915 26.0 627
1662376595173 31.5 628
1662376596441 32.0 629
1662376597793 32.0 630
1662376599069 23.0 631
1662376600324 25.0 632
1662376601621 32.0 633
1662376602897 32.0 634
1662376604131 19.5 635
1662376605372 31.5 636
1662376606599 24.5 637
1662376607891 30.0 638
1662376609190 17.0 639
1662376610465 32.0 640
1662376611758 30.0 641
1662376613019 25.0 642
1662376614246 32.0 643
1662376615532 32.0 644
1662376616808 22.0 645
1662376618037 27.0 646
1662376619313 25.0 647
1662376620616 32.0 648
1662376621935 32.0 649
1662376623206 30.5 650
1662376624484 32.0 651
1662376625774 27.5 652
1662376627052 31.5 653
1662376628347 32.0 654
1662376629606 23.5 655
1662376630904 32.0 656
1662376632162 32.0 657
1662376633443 27.0 658
1662376634706 32.0 659
1662376635984 23.0 660
1662376637233 28.5 661
1662376638515 21.5 662
1662376639814 32.0 663
1662376641098 26.0 664
1662376642376 22.5 665
1662376643695 30.0 666
1662376644960 24.5 667
1662376646230 21.5 668
1662376647486 25.5 669
1662376648775 24.5 670
1662376650077 25.0 671
1662376651308 24.0 672
1662376652580 29.0 673
1662376653909 24.0 674
1662376655110 32.0 675
1662376656363 32.0 676
1662376657672 25.5 677
1662376658981 32.0 678
1662376660220 31.0 679
1662376661477 32.0 680
1662376662773 22.5 681
1662376664049 32.0 682
1662376665292 31.0 683
1662376666560 32.0 684
1662376667828 17.5 685
1662376669083 31.0 686
1662376670345 25.5 687
1662376671592 31.5 688
1662376672896 32.0 689
1662376674188 29.0 690
1662376675429 23.0 691
1662376676712 32.0 692
1662376677949 26.5 693
1662376679202 26.5 694
1662376680436 18.0 695
1662376681665 19.5 696
1662376682948 32.0 697
1662376684206 31.0 698
1662376685432 28.5 699
1662376686679 26.5 700
1662376687913 28.5 701
1662376689158 32.0 702
1662376690409 32.0 703
1662376691699 27.0 704
1662376693021 28.5 705
1662376694288 24.5 706
1662376695551 29.0 707
1662376696802 30.0 708
1662376698081 28.0 709
1662376699351 28.0 710
1662376700633 32.0 711
1662376701883 32.0 712
1662376703132 32.0 713
1662376704417 22.0 714
1662376705773 14.5 715
1662376707051 28.5 716
1662376708293 27.0 717
1662376709582 25.0 718
1662376710861 32.0 719
1662376712153 32.0 720
1662376713440 23.0 721
1662376714716 20.5 722
1662376715995 24.5 723
1662376717276 32.0 724
1662376718512 32.0 725
1662376719785 25.0 726
1662376721080 24.5 727
1662376722357 26.5 728
1662376723652 32.0 729
1662376724898 27.5 730
1662376726156 32.0 731
1662376727423 32.0 732
1662376728708 32.0 733
1662376729977 32.0 734
1662376731265 24.0 735
1662376732512 25.0 736
1662376733778 27.5 737
1662376734990 32.0 738
1662376736267 32.0 739
1662376737496 26.5 740
1662376738773 32.0 741
1662376740030 27.0 742
1662376741307 32.0 743
1662376742574 22.0 744
1662376743841 28.0 745
1662376745083 30.5 746
1662376746304 25.5 747
1662376747581 31.5 748
1662376748850 21.5 749
1662376750105 31.5 750
1662376751400 32.0 751
1662376752658 26.5 752
1662376753920 25.0 753
1662376755219 22.5 754
1662376756489 26.0 755
1662376757731 32.0 756
1662376759015 24.0 757
1662376760276 29.5 758
1662376761584 20.5 759
1662376762845 30.5 760
1662376764105 32.0 761
1662376765375 32.0 762
1662376766738 32.0 763
1662376767984 23.5 764
1662376769237 30.0 765
1662376770529 25.5 766
1662376771814 18.0 767
1662376773049 32.0 768
1662376774313 32.0 769
1662376775567 26.0 770
1662376776839 28.5 771
1662376778108 30.5 772
1662376779364 25.0 773
1662376780575 32.0 774
1662376781811 32.0 775
1662376783055 24.5 776
1662376784305 27.5 777
1662376785567 32.0 778
1662376786852 28.0 779
1662376788096 31.0 780
1662376789391 32.0 781
1662376790665 32.0 782
1662376791918 26.0 783
1662376793210 22.5 784
1662376794514 31.0 785
1662376795808 32.0 786
1662376797084 29.0 787
1662376798341 25.5 788
1662376799634 32.0 789
1662376800903 20.0 790
1662376802174 25.0 791
1662376803449 18.0 792
1662376804717 27.5 793
1662376805983 32.0 794
1662376807208 22.0 795
1662376808433 30.5 796
1662376809681 27.0 797
1662376810952 24.5 798
1662376811697 25.0 799
