1662375794570 237.0 0
1662375795773 252.5 1
1662375797150 251.0 2
1662375798412 248.0 3
1662375799674 237.0 4
1662375800888 253.5 5
1662375802127 249.0 6
1662375803398 244.0 7
1662375804662 247.0 8
1662375805917 253.0 9
1662375807162 244.5 10
1662375808411 247.5 11
1662375809663 249.5 12
1662375810949 245.5 13
1662375812170 245.5 14
1662375813396 249.5 15
1662375814646 251.0 16
1662375815878 205.5 17
1662375817184 242.0 18
1662375818454 247.0 19
1662375819718 251.5 20
1662375821040 239.0 21
1662375822319 220.5 22
1662375823560 239.0 23
1662375824804 251.5 24
1662375826060 246.5 25
1662375827267 246.5 26
1662375828554 247.0 27
1662375829808 249.0 28
1662375831067 240.0 29
1662375832330 250.0 30
1662375833612 248.0 31
1662375834860 252.0 32
1662375836130 253.0 33
1662375837370 248.0 34
1662375838629 243.0 35
1662375839892 248.0 36
1662375841143 252.5 37
1662375842425 239.0 38
1662375843688 231.5 39
1662375845006 253.0 40
1662375846306 249.5 41
1662375847591 253.5 42
1662375848871 251.0 43
1662375850115 239.5 44
1662375851412 253.5 45
1662375852670 251.0 46
1662375853926 228.5 47
1662375855186 250.0 48
1662375856450 250.0 49
1662375857724 246.5 50
1662375859012 251.5 51
1662375860310 244.0 52
1662375861648 242.5 53
1662375862921 246.0 54
1662375864184 183.5 55
1662375865473 250.5 56
1662375866747 242.5 57
1662375868055 249.0 58
1662375869300 252.0 59
1662375870587 243.5 60
1662375871901 232.0 61
1662375873279 251.0 62
1662375874551 248.5 63
1662375875810 250.5 64
1662375877089 230.0 65
1662375878330 253.5 66
1662375879604 248.0 67
1662375880896 251.0 68
1662375882160 247.0 69
1662375883445 247.5 70
1662375884714 241.0 71
1662375885946 250.0 72
1662375887223 236.5 73
1662375888482 249.5 74
1662375889758 239.5 75
1662375891037 250.0 76
1662375892293 252.5 77
1662375893543 252.0 78
1662375894825 251.0 79
1662375896070 188.5 80
1662375897422 252.0 81
1662375898724 249.0 82
1662375899974 233.0 83
1662375901281 245.0 84
1662375902562 240.0 85
1662375903842 252.0 86
1662375905104 247.5 87
1662375906396 247.5 88
1662375907661 253.5 89
1662375908928 242.0 90
1662375910200 237.5 91
1662375911496 251.5 92
1662375912761 250.0 93
1662375914040 183.5 94
1662375915324 251.0 95
1662375916605 251.5 96
1662375917905 252.5 97
1662375919206 251.5 98
1662375920507 248.5 99
1662375921806 246.0 100
1662375923088 246.0 101
1662375924359 239.5 102
1662375925708 252.5 103
1662375926995 248.0 104
1662375928314 249.5 105
1662375929622 250.5 106
1662375930907 247.5 107
1662375932252 252.5 108
1662375933538 243.0 109
1662375934804 252.0 110
1662375936088 247.5 111
1662375937375 204.5 112
1662375938635 228.0 113
1662375939907 250.0 114
1662375941214 247.5 115
1662375942483 246.0 116
1662375943694 252.5 117
1662375944948 252.0 118
1662375946252 229.5 119
1662375947534 250.5 120
1662375948818 253.0 121
1662375950101 254.0 122
1662375951395 254.0 123
1662375952636 249.5 124
1662375953948 248.5 125
1662375955198 248.0 126
1662375956488 247.0 127
1662375957794 244.0 128
1662375959058 247.5 129
1662375960326 250.0 130
1662375961558 247.0 131
1662375962817 230.5 132
1662375964108 249.5 133
1662375965392 247.0 134
1662375966677 253.0 135
1662375967979 250.0 136
1662375969262 239.0 137
1662375970536 250.5 138
1662375971819 252.5 139
1662375973115 250.5 140
1662375974395 250.0 141
1662375975674 248.5 142
1662375976956 252.0 143
1662375978204 239.0 144
1662375979488 183.5 145
1662375980718 239.0 146
1662375982009 251.0 147
1662375983256 245.5 148
1662375984501 247.0 149
1662375985769 253.0 150
1662375987050 251.0 151
1662375988315 247.5 152
1662375989622 252.5 153
1662375990915 252.0 154
1662375992205 248.5 155
1662375993487 250.5 156
1662375994784 253.0 157
1662375996054 247.5 158
1662375997346 252.5 159
1662375998591 242.5 160
1662375999852 242.0 161
1662376001095 237.0 162
1662376002401 247.5 163
1662376003705 244.0 164
1662376004966 252.5 165
1662376006210 196.5 166
1662376007473 252.0 167
1662376008746 233.0 168
1662376010025 243.0 169
1662376011299 254.0 170
1662376012628 251.5 171
1662376013927 236.5 172
1662376015235 247.0 173
1662376016535 223.0 174
1662376017787 253.0 175
1662376019066 242.5 176
1662376020342 252.0 177
1662376021619 252.5 178
1662376022908 236.0 179
1662376024214 251.0 180
1662376025517 240.5 181
1662376026843 250.0 182
1662376028146 239.5 183
1662376029424 244.0 184
1662376030682 246.5 185
1662376031996 250.0 186
1662376033301 250.5 187
1662376034579 241.5 188
1662376035833 247.0 189
1662376037130 252.5 190
1662376038405 248.0 191
1662376039687 251.5 192
1662376040986 252.0 193
1662376042243 251.0 194
1662376043476 223.5 195
1662376044764 251.5 196
1662376046026 252.5 197
1662376047293 191.5 198
1662376048586 250.5 199
1662376049828 250.0 200
1662376051135 244.0 201
1662376052440 250.0 202
1662376053669 250.0 203
1662376054948 238.0 204
1662376056229 245.0 205
1662376057499 238.5 206
1662376058743 254.0 207
1662376060009 240.5 208
1662376061263 253.0 209
1662376062521 249.5 210
1662376063806 252.0 211
1662376065097 254.0 212
1662376066353 242.0 213
1662376067650 250.0 214
1662376068912 248.0 215
1662376070209 249.5 216
1662376071469 232.0 217
1662376072714 249.5 218
1662376073977 249.5 219
1662376075247 190.5 220
1662376076570 247.5 221
1662376077878 249.0 222
1662376079146 247.0 223
1662376080436 247.5 224
1662376081706 245.0 225
1662376082990 246.0 226
1662376084272 218.5 227
1662376085527 250.0 228
1662376086791 239.0 229
1662376088114 245.0 230
1662376089387 251.0 231
1662376090659 244.5 232
1662376091935 250.5 233
1662376093217 243.0 234
1662376094456 251.0 235
1662376095726 252.5 236
1662376097004 252.5 237
1662376098243 252.0 238
1662376099552 247.0 239
1662376100805 250.5 240
1662376102075 224.5 241
1662376103338 234.0 242
1662376104568 252.5 243
1662376105828 246.0 244
1662376107102 248.5 245
1662376108383 239.5 246
1662376109672 253.0 247
1662376110898 245.5 248
1662376112187 249.0 249
1662376113496 249.0 250
1662376114757 252.5 251
1662376116011 240.0 252
1662376117273 246.5 253
1662376118562 243.0 254
1662376119869 250.5 255
1662376121112 253.5 256
1662376122390 249.0 257
1662376123679 243.0 258
1662376124938 254.0 259
1662376126179 200.5 260
1662376127426 232.5 261
1662376128707 232.0 262
1662376129928 240.5 263
1662376131166 249.5 264
1662376132427 253.0 265
1662376133691 230.0 266
1662376134943 246.0 267
1662376136223 242.5 268
1662376137513 205.0 269
1662376138780 249.0 270
1662376140045 248.0 271
1662376141322 250.5 272
1662376142605 248.5 273
1662376143836 251.0 274
1662376145137 246.0 275
1662376146438 253.0 276
1662376147717 241.0 277
1662376148999 244.0 278
1662376150291 243.5 279
1662376151563 250.0 280
1662376152875 240.0 281
1662376154095 254.0 282
1662376155376 250.5 283
1662376156651 246.0 284
1662376157935 252.0 285
1662376159194 245.5 286
1662376160484 221.5 287
1662376161744 238.5 288
1662376163043 251.0 289
1662376164316 252.0 290
1662376165618 251.5 291
1662376166869 243.5 292
1662376168155 246.0 293
1662376169446 251.0 294
1662376170753 249.5 295
1662376172057 227.5 296
1662376173322 249.5 297
1662376174582 251.0 298
1662376175926 252.5 299
1662376177179 238.5 300
1662376178471 247.5 301
1662376179771 248.0 302
1662376181021 254.0 303
1662376182261 242.5 304
1662376183529 250.5 305
1662376184793 248.5 306
1662376186063 251.5 307
1662376187372 252.5 308
1662376188646 233.0 309
1662376189914 243.5 310
1662376191163 252.5 311
1662376192427 234.0 312
1662376193728 251.5 313
1662376195016 241.0 314
1662376196330 242.0 315
1662376197598 208.5 316
1662376198832 250.5 317
1662376200129 253.0 318
1662376201413 238.5 319
1662376202687 248.0 320
1662376203992 251.0 321
1662376205257 249.5 322
1662376206617 242.5 323
1662376207928 254.0 324
1662376209191 242.0 325
1662376210489 251.5 326
1662376211741 247.0 327
1662376212997 253.0 328
1662376214255 245.0 329
1662376215555 251.5 330
1662376216809 245.0 331
1662376218076 206.5 332
1662376219335 245.5 333
1662376220595 253.5 334
1662376221894 252.5 335
1662376223225 250.5 336
1662376224511 244.5 337
1662376225777 244.0 338
1662376227034 215.5 339
1662376228316 246.5 340
1662376229583 239.0 341
1662376230904 253.5 342
1662376232187 233.5 343
1662376233500 245.0 344
1662376234778 246.5 345
1662376236026 254.0 346
1662376237282 251.5 347
1662376238599 235.5 348
1662376239895 248.0 349
1662376241172 250.5 350
1662376242435 242.5 351
1662376243716 254.0 352
1662376244975 252.5 353
1662376246261 252.5 354
1662376247543 252.0 355
1662376248825 250.5 356
1662376250109 250.5 357
1662376251346 245.5 358
1662376252629 226.5 359
1662376253899 252.0 360
1662376255159 233.0 361
1662376256450 174.0 362
1662376257753 250.0 363
1662376259034 251.0 364
1662376260302 248.5 365
1662376261610 244.5 366
1662376262915 242.5 367
1662376264216 251.0 368
1662376265482 241.5 369
1662376266756 251.5 370
1662376268020 252.5 371
1662376269274 244.5 372
1662376270533 222.5 373
1662376271774 239.5 374
1662376273069 246.5 375
1662376274367 249.5 376
1662376275640 250.5 377
1662376276921 250.5 378
1662376278182 248.0 379
1662376279458 241.0 380
1662376280705 253.0 381
1662376282030 252.5 382
1662376283311 246.0 383
1662376284579 249.0 384
1662376285888 253.5 385
1662376287172 252.5 386
1662376288411 198.0 387
1662376289692 247.0 388
1662376290998 247.5 389
1662376292271 250.0 390
1662376293526 241.5 391
1662376294750 253.5 392
1662376295993 246.0 393
1662376297260 247.0 394
1662376298517 252.0 395
1662376299783 254.0 396
1662376301059 246.5 397
1662376302311 251.0 398
1662376303618 249.5 399
1662376304879 249.5 400
1662376306162 251.0 401
1662376307480 247.0 402
1662376308803 253.0 403
1662376310064 242.0 404
1662376311339 242.0 405
1662376312627 242.5 406
1662376313922 249.5 407
1662376315168 246.5 408
1662376316466 246.5 409
1662376317751 237.5 410
1662376319045 213.0 411
1662376320334 246.0 412
1662376321596 199.5 413
1662376322866 246.5 414
1662376324121 246.5 415
1662376325359 247.0 416
1662376326656 251.5 417
1662376327891 244.5 418
1662376329139 250.5 419
1662376330382 243.5 420
1662376331661 206.0 421
1662376332924 239.0 422
1662376334169 249.0 423
1662376335451 250.5 424
1662376336740 250.0 425
1662376338018 250.0 426
1662376339263 249.5 427
1662376340497 252.5 428
1662376341781 253.0 429
1662376343043 251.5 430
1662376344298 252.0 431
1662376345562 249.0 432
1662376346780 238.5 433
1662376348023 251.5 434
1662376349245 250.0 435
1662376350503 249.5 436
1662376351757 248.5 437
1662376353056 243.0 438
1662376354290 253.0 439
1662376355565 238.5 440
1662376356856 248.0 441
1662376358118 249.5 442
1662376359423 253.5 443
1662376360681 252.0 444
1662376361928 252.0 445
1662376363195 245.5 446
1662376364471 250.5 447
1662376365752 185.0 448
1662376367025 248.0 449
1662376368261 249.0 450
1662376369519 245.5 451
1662376370770 240.5 452
1662376372057 251.0 453
1662376373317 248.0 454
1662376374568 244.0 455
1662376375835 249.0 456
1662376377132 234.5 457
1662376378447 249.0 458
1662376379828 241.5 459
1662376381135 247.0 460
1662376382477 250.0 461
1662376383692 253.0 462
1662376384968 253.0 463
1662376386245 248.5 464
1662376387602 251.5 465
1662376388892 224.5 466
1662376390190 249.0 467
1662376391466 251.0 468
1662376392733 246.0 469
1662376394017 231.5 470
1662376395315 250.0 471
1662376396586 253.0 472
1662376397858 250.5 473
1662376399087 243.0 474
1662376400376 242.0 475
1662376401716 240.0 476
1662376402982 247.5 477
1662376404235 251.0 478
1662376405504 246.0 479
1662376406778 249.5 480
1662376408054 250.0 481
1662376409305 251.5 482
1662376410568 252.0 483
1662376411836 249.0 484
1662376413130 249.0 485
1662376414383 217.5 486
1662376415626 252.5 487
1662376416878 248.5 488
1662376418156 174.0 489
1662376419411 250.0 490
1662376420701 240.5 491
1662376421905 246.0 492
1662376423187 245.0 493
1662376424435 250.5 494
1662376425787 238.5 495
1662376427045 247.5 496
1662376428262 252.5 497
1662376429535 245.0 498
1662376430793 253.0 499
1662376432008 249.5 500
1662376433274 243.5 501
1662376434513 249.0 502
1662376435775 250.5 503
1662376437038 248.5 504
1662376438319 250.5 505
1662376439584 245.5 506
1662376440863 190.5 507
1662376442138 242.0 508
1662376443392 252.5 509
1662376444631 242.5 510
1662376445890 244.0 511
1662376447107 249.0 512
1662376448370 252.0 513
1662376449693 250.5 514
1662376450972 219.0 515
1662376452258 245.5 516
1662376453487 238.5 517
1662376454726 253.0 518
1662376456001 251.0 519
1662376457327 243.0 520
1662376458624 248.5 521
1662376459872 253.5 522
1662376461143 238.0 523
1662376462404 252.0 524
1662376463716 246.5 525
1662376465021 225.0 526
1662376466266 249.5 527
1662376467549 252.0 528
1662376468840 226.5 529
1662376470139 239.5 530
1662376471380 249.5 531
1662376472612 253.0 532
1662376473882 252.5 533
1662376475183 235.0 534
1662376476462 226.0 535
1662376477746 247.5 536
1662376479035 236.5 537
1662376480306 250.5 538
1662376481540 246.0 539
1662376482775 253.5 540
1662376484060 247.5 541
1662376485346 250.5 542
1662376486602 252.5 543
1662376487879 252.5 544
1662376489164 248.0 545
1662376490432 247.5 546
1662376491695 193.5 547
1662376492951 243.5 548
1662376494191 244.5 549
1662376495477 251.5 550
1662376496826 251.0 551
1662376498077 241.0 552
1662376499378 248.0 553
1662376500629 245.5 554
1662376501935 247.5 555
1662376503232 246.5 556
1662376504504 242.5 557
1662376505769 232.5 558
1662376507048 227.0 559
1662376508316 252.5 560
1662376509606 249.5 561
1662376510866 246.5 562
1662376512142 247.5 563
1662376513420 251.5 564
1662376514686 251.0 565
1662376515925 252.0 566
1662376517217 190.0 567
1662376518518 251.5 568
1662376519871 235.0 569
1662376521148 238.0 570
1662376522432 249.5 571
1662376523729 249.5 572
1662376525013 251.5 573
1662376526308 253.0 574
1662376527575 243.0 575
1662376528854 226.5 576
1662376530144 237.0 577
1662376531386 249.0 578
1662376532684 243.0 579
1662376533989 245.0 580
1662376535255 238.5 581
1662376536514 248.0 582
1662376537796 240.5 583
1662376539043 253.0 584
1662376540325 248.0 585
1662376541543 245.5 586
1662376542789 253.0 587
1662376544033 251.5 588
1662376545327 253.0 589
1662376546594 252.0 590
1662376547894 236.5 591
1662376549160 249.0 592
1662376550435 239.5 593
1662376551678 251.0 594
1662376552931 252.5 595
1662376554195 188.0 596
1662376555470 250.5 597
1662376556806 250.5 598
1662376558071 252.0 599
1662376559354 247.0 600
1662376560665 210.5 601
1662376561914 237.5 602
1662376563194 245.0 603
1662376564405 249.5 604
1662376565679 246.0 605
1662376566961 250.0 606
1662376568261 253.0 607
1662376569530 242.0 608
1662376570828 223.5 609
1662376572114 253.0 610
1662376573409 241.0 611
1662376574657 249.0 612
1662376575923 248.0 613
1662376577239 249.0 614
1662376578487 243.5 615
1662376579773 245.5 616
1662376581038 253.5 617
1662376582328 251.5 618
1662376583640 250.0 619
1662376584909 221.0 620
1662376586238 246.0 621
1662376587545 242.0 622
1662376588894 252.5 623
1662376590168 249.5 624
1662376591402 251.0 625
1662376592639 251.5 626
1662376593915 242.0 627
1662376595172 252.0 628
1662376596440 248.0 629
1662376597792 231.0 630
1662376599068 246.5 631
1662376600323 248.5 632
1662376601620 235.5 633
1662376602896 240.0 634
1662376604130 253.0 635
1662376605371 250.5 636
1662376606598 248.5 637
1662376607890 249.5 638
1662376609188 252.0 639
1662376610464 246.5 640
1662376611757 238.0 641
1662376613019 248.5 642
1662376614245 240.5 643
1662376615531 252.5 644
1662376616808 251.0 645
1662376618037 248.5 646
1662376619312 251.0 647
1662376620616 197.5 648
1662376621934 241.5 649
1662376623205 234.5 650
1662376624483 248.0 651
1662376625773 240.5 652
1662376627051 245.5 653
1662376628347 186.0 654
1662376629605 252.0 655
1662376630904 246.5 656
1662376632162 242.0 657
1662376633442 241.0 658
1662376634705 243.5 659
1662376635984 248.0 660
1662376637232 251.0 661
1662376638514 250.0 662
1662376639813 244.5 663
1662376641098 249.5 664
1662376642375 252.0 665
1662376643694 249.5 666
1662376644959 250.5 667
1662376646229 249.5 668
1662376647485 251.5 669
1662376648774 223.5 670
1662376650076 247.0 671
1662376651307 253.0 672
1662376652579 250.0 673
1662376653909 254.0 674
1662376655109 250.0 675
1662376656363 248.0 676
1662376657671 240.0 677
1662376658980 235.0 678
1662376660220 244.0 679
1662376661476 247.0 680
1662376662772 252.5 681
1662376664048 250.5 682
1662376665291 244.0 683
1662376666559 188.0 684
1662376667827 250.5 685
1662376669082 250.5 686
1662376670344 247.5 687
1662376671592 244.0 688
1662376672896 246.5 689
1662376674187 235.0 690
1662376675429 248.0 691
1662376676712 233.0 692
1662376677949 224.5 693
1662376679201 252.0 694
1662376680435 251.0 695
1662376681664 254.0 696
1662376682947 242.5 697
1662376684205 242.5 698
1662376685430 250.5 699
1662376686677 249.0 700
1662376687912 248.5 701
1662376689157 246.0 702
1662376690408 245.0 703
1662376691698 241.0 704
1662376693020 240.0 705
1662376694288 249.0 706
1662376695550 251.0 707
1662376696802 249.5 708
1662376698080 251.5 709
1662376699351 241.5 710
1662376700632 230.5 711
1662376701882 248.5 712
1662376703131 245.5 713
1662376704416 254.0 714
1662376705772 253.0 715
1662376707050 253.0 716
1662376708293 246.0 717
1662376709581 249.5 718
1662376710859 250.0 719
1662376712153 237.5 720
1662376713439 249.5 721
1662376714715 253.5 722
1662376715994 246.5 723
1662376717275 250.5 724
1662376718512 248.0 725
1662376719784 251.0 726
1662376721080 252.5 727
1662376722356 254.0 728
1662376723652 198.5 729
1662376724897 253.0 730
1662376726155 231.0 731
1662376727422 250.0 732
1662376728707 218.5 733
1662376729977 232.5 734
1662376731264 252.0 735
1662376732512 251.5 736
1662376733777 249.5 737
1662376734989 241.0 738
1662376736266 249.0 739
1662376737495 248.0 740
1662376738772 235.5 741
1662376740029 253.0 742
1662376741306 240.5 743
1662376742574 254.0 744
1662376743840 246.0 745
1662376745083 250.0 746
1662376746303 236.5 747
1662376747580 244.5 748
1662376748849 253.5 749
1662376750104 249.0 750
1662376751400 242.5 751
1662376752657 249.5 752
1662376753919 244.5 753
1662376755218 251.0 754
1662376756489 246.5 755
1662376757730 235.5 756
1662376759014 222.5 757
1662376760275 253.0 758
1662376761583 251.0 759
1662376762844 246.0 760
1662376764104 234.5 761
1662376765374 246.0 762
1662376766737 188.0 763
1662376767984 246.5 764
1662376769236 253.0 765
1662376770529 247.0 766
1662376771813 254.0 767
1662376773049 248.5 768
1662376774313 247.0 769
1662376775566 245.5 770
1662376776838 247.0 771
1662376778107 249.5 772
1662376779364 252.0 773
1662376780574 247.5 774
1662376781810 236.5 775
1662376783054 253.0 776
1662376784304 189.5 777
1662376785566 237.5 778
1662376786851 246.0 779
1662376788096 251.5 780
1662376789390 238.0 781
1662376790664 229.0 782
1662376791917 244.5 783
1662376793209 252.5 784
1662376794514 254.0 785
1662376795808 221.5 786
1662376797083 248.5 787
1662376798340 246.0 788
1662376799633 246.0 789
1662376800902 247.0 790
1662376802173 247.0 791
1662376803449 253.0 792
1662376804717 249.5 793
1662376805983 243.0 794
1662376807207 251.0 795
1662376808432 250.5 796
1662376809680 222.5 797
1662376810951 253.5 798
1662376811696 248.5 799
