1662375794568 19.0 0
1662375795772 3.5 1
1662375797148 5.0 2
1662375798412 8.0 3
1662375799673 19.0 4
1662375800887 2.5 5
1662375802127 7.0 6
1662375803397 12.0 7
1662375804661 9.0 8
1662375805917 3.0 9
1662375807161 11.5 10
1662375808410 8.5 11
1662375809662 6.5 12
1662375810948 10.5 13
1662375812168 10.5 14
1662375813395 6.5 15
1662375814644 5.0 16
1662375815877 50.5 17
1662375817183 14.0 18
1662375818452 9.0 19
1662375819716 4.5 20
1662375821039 17.0 21
1662375822318 35.5 22
1662375823559 17.0 23
1662375824803 4.5 24
1662375826059 9.5 25
1662375827266 9.5 26
1662375828554 9.0 27
1662375829807 7.0 28
1662375831066 16.0 29
1662375832329 6.0 30
1662375833611 8.0 31
1662375834859 4.0 32
1662375836129 3.0 33
1662375837368 8.0 34
1662375838628 13.0 35
1662375839891 8.0 36
1662375841142 3.5 37
1662375842424 17.0 38
1662375843687 24.5 39
1662375845005 3.0 40
1662375846305 6.5 41
1662375847590 2.5 42
1662375848869 5.0 43
1662375850114 16.5 44
1662375851411 2.5 45
1662375852669 5.0 46
1662375853925 27.5 47
1662375855185 6.0 48
1662375856448 6.0 49
1662375857723 9.5 50
1662375859011 4.5 51
1662375860309 12.0 52
1662375861646 13.5 53
1662375862920 10.0 54
1662375864183 72.5 55
1662375865472 5.5 56
1662375866746 13.5 57
1662375868054 7.0 58
1662375869299 4.0 59
1662375870586 12.5 60
1662375871900 24.0 61
1662375873278 5.0 62
1662375874550 7.5 63
1662375875809 5.5 64
1662375877088 26.0 65
1662375878329 2.5 66
1662375879603 8.0 67
1662375880895 5.0 68
1662375882160 9.0 69
1662375883443 8.5 70
1662375884712 15.0 71
1662375885945 6.0 72
1662375887221 19.5 73
1662375888480 6.5 74
1662375889758 16.5 75
1662375891036 6.0 76
1662375892292 3.5 77
1662375893542 4.0 78
1662375894824 5.0 79
1662375896069 67.5 80
1662375897420 4.0 81
1662375898723 7.0 82
1662375899972 23.0 83
1662375901280 11.0 84
1662375902561 16.0 85
1662375903841 4.0 86
1662375905103 8.5 87
1662375906395 8.5 88
1662375907660 2.5 89
1662375908927 14.0 90
1662375910199 18.5 91
1662375911495 4.5 92
1662375912760 6.0 93
1662375914039 72.5 94
1662375915322 5.0 95
1662375916604 4.5 96
1662375917904 3.5 97
1662375919205 4.5 98
1662375920505 7.5 99
1662375921804 10.0 100
1662375923087 10.0 101
1662375924358 16.5 102
1662375925707 3.5 103
1662375926994 8.0 104
1662375928313 6.5 105
1662375929620 5.5 106
1662375930906 8.5 107
1662375932251 3.5 108
1662375933537 13.0 109
1662375934803 4.0 110
1662375936087 8.5 111
1662375937374 51.5 112
1662375938633 28.0 113
1662375939906 6.0 114
1662375941212 8.5 115
1662375942482 10.0 116
1662375943693 3.5 117
1662375944947 4.0 118
1662375946251 26.5 119
1662375947533 5.5 120
1662375948818 3.0 121
1662375950100 2.0 122
1662375951394 2.0 123
1662375952635 6.5 124
1662375953946 7.5 125
1662375955196 8.0 126
1662375956487 9.0 127
1662375957793 12.0 128
1662375959056 8.5 129
1662375960325 6.0 130
1662375961558 9.0 131
1662375962815 25.5 132
1662375964107 6.5 133
1662375965392 9.0 134
1662375966675 3.0 135
1662375967978 6.0 136
1662375969261 17.0 137
1662375970536 5.5 138
1662375971817 3.5 139
1662375973113 5.5 140
1662375974394 6.0 141
1662375975673 7.5 142
1662375976955 4.0 143
1662375978203 17.0 144
1662375979487 72.5 145
1662375980717 17.0 146
1662375982008 5.0 147
1662375983255 10.5 148
1662375984500 9.0 149
1662375985768 3.0 150
1662375987049 5.0 151
1662375988314 8.5 152
1662375989621 3.5 153
1662375990913 4.0 154
1662375992204 7.5 155
1662375993486 5.5 156
1662375994782 3.0 157
1662375996053 8.5 158
1662375997344 3.5 159
1662375998589 13.5 160
1662375999850 14.0 161
1662376001094 19.0 162
1662376002400 8.5 163
1662376003704 12.0 164
1662376004965 3.5 165
1662376006208 59.5 166
1662376007472 4.0 167
1662376008744 23.0 168
1662376010024 13.0 169
1662376011298 2.0 170
1662376012627 4.5 171
1662376013925 19.5 172
1662376015234 9.0 173
1662376016534 33.0 174
1662376017785 3.0 175
1662376019065 13.5 176
1662376020341 4.0 177
1662376021617 3.5 178
1662376022907 20.0 179
1662376024213 5.0 180
1662376025515 15.5 181
1662376026842 6.0 182
1662376028145 16.5 183
1662376029423 12.0 184
1662376030681 9.5 185
1662376031994 6.0 186
1662376033300 5.5 187
1662376034578 14.5 188
1662376035831 9.0 189
1662376037129 3.5 190
1662376038404 8.0 191
1662376039686 4.5 192
1662376040985 4.0 193
1662376042242 5.0 194
1662376043474 32.5 195
1662376044763 4.5 196
1662376046025 3.5 197
1662376047292 64.5 198
1662376048583 5.5 199
1662376049827 6.0 200
1662376051134 12.0 201
1662376052439 6.0 202
1662376053668 6.0 203
1662376054947 18.0 204
1662376056228 11.0 205
1662376057498 17.5 206
1662376058742 2.0 207
1662376060008 15.5 208
1662376061263 3.0 209
1662376062520 6.5 210
1662376063805 4.0 211
1662376065096 2.0 212
1662376066352 14.0 213
1662376067649 6.0 214
1662376068911 8.0 215
1662376070207 6.5 216
1662376071467 24.0 217
1662376072714 6.5 218
1662376073975 6.5 219
1662376075246 65.5 220
1662376076569 8.5 221
1662376077877 7.0 222
1662376079145 9.0 223
1662376080434 8.5 224
1662376081705 11.0 225
1662376082989 10.0 226
1662376084271 37.5 227
1662376085526 6.0 228
1662376086790 17.0 229
1662376088113 11.0 230
1662376089386 5.0 231
1662376090657 11.5 232
1662376091934 5.5 233
1662376093216 13.0 234
1662376094455 5.0 235
1662376095725 3.5 236
1662376097003 3.5 237
1662376098242 4.0 238
1662376099549 9.0 239
1662376100804 5.5 240
1662376102074 31.5 241
1662376103337 22.0 242
1662376104567 3.5 243
1662376105826 10.0 244
1662376107101 7.5 245
1662376108382 16.5 246
1662376109671 3.0 247
1662376110897 10.5 248
1662376112186 7.0 249
1662376113495 7.0 250
1662376114756 3.5 251
1662376116010 16.0 252
1662376117272 9.5 253
1662376118561 13.0 254
1662376119867 5.5 255
1662376121111 2.5 256
1662376122389 7.0 257
1662376123678 13.0 258
1662376124936 2.0 259
1662376126179 55.5 260
1662376127425 23.5 261
1662376128706 24.0 262
1662376129927 15.5 263
1662376131165 6.5 264
1662376132426 3.0 265
1662376133690 26.0 266
1662376134942 10.0 267
1662376136221 13.5 268
1662376137512 51.0 269
1662376138779 7.0 270
1662376140043 8.0 271
1662376141321 5.5 272
1662376142604 7.5 273
1662376143835 5.0 274
1662376145136 10.0 275
1662376146437 3.0 276
1662376147716 15.0 277
1662376148997 12.0 278
1662376150289 12.5 279
1662376151562 6.0 280
1662376152874 16.0 281
1662376154094 2.0 282
1662376155374 5.5 283
1662376156650 10.0 284
1662376157935 4.0 285
1662376159192 10.5 286
1662376160483 34.5 287
1662376161743 17.5 288
1662376163041 5.0 289
1662376164314 4.0 290
1662376165617 4.5 291
1662376166868 12.5 292
1662376168154 10.0 293
1662376169445 5.0 294
1662376170752 6.5 295
1662376172056 28.5 296
1662376173321 6.5 297
1662376174581 5.0 298
1662376175924 3.5 299
1662376177178 17.5 300
1662376178470 8.5 301
1662376179769 8.0 302
1662376181020 2.0 303
1662376182260 13.5 304
1662376183528 5.5 305
1662376184792 7.5 306
1662376186062 4.5 307
1662376187371 3.5 308
1662376188645 23.0 309
1662376189913 12.5 310
1662376191162 3.5 311
1662376192426 22.0 312
1662376193726 4.5 313
1662376195015 15.0 314
1662376196329 14.0 315
1662376197597 47.5 316
1662376198831 5.5 317
1662376200128 3.0 318
1662376201411 17.5 319
1662376202686 8.0 320
1662376203991 5.0 321
1662376205256 6.5 322
1662376206615 13.5 323
1662376207927 2.0 324
1662376209189 14.0 325
1662376210488 4.5 326
1662376211740 9.0 327
1662376212996 3.0 328
1662376214253 11.0 329
1662376215554 4.5 330
1662376216808 11.0 331
1662376218075 49.5 332
1662376219334 10.5 333
1662376220594 2.5 334
1662376221893 3.5 335
1662376223225 5.5 336
1662376224509 11.5 337
1662376225776 12.0 338
1662376227032 40.5 339
1662376228315 9.5 340
1662376229582 17.0 341
1662376230903 2.5 342
1662376232185 22.5 343
1662376233498 11.0 344
1662376234777 9.5 345
1662376236025 2.0 346
1662376237281 4.5 347
1662376238598 20.5 348
1662376239894 8.0 349
1662376241171 5.5 350
1662376242434 13.5 351
1662376243715 2.0 352
1662376244974 3.5 353
1662376246260 3.5 354
1662376247542 4.0 355
1662376248824 5.5 356
1662376250109 5.5 357
1662376251345 10.5 358
1662376252627 29.5 359
1662376253898 4.0 360
1662376255158 23.0 361
1662376256449 82.0 362
1662376257752 6.0 363
1662376259033 5.0 364
1662376260301 7.5 365
1662376261609 11.5 366
1662376262914 13.5 367
1662376264215 5.0 368
1662376265481 14.5 369
1662376266755 4.5 370
1662376268018 3.5 371
1662376269273 11.5 372
1662376270532 33.5 373
1662376271773 16.5 374
1662376273067 9.5 375
1662376274366 6.5 376
1662376275639 5.5 377
1662376276920 5.5 378
1662376278181 8.0 379
1662376279456 15.0 380
1662376280704 3.0 381
1662376282029 3.5 382
1662376283309 10.0 383
1662376284578 7.0 384
1662376285886 2.5 385
1662376287171 3.5 386
1662376288410 58.0 387
1662376289691 9.0 388
1662376290997 8.5 389
1662376292270 6.0 390
1662376293525 14.5 391
1662376294749 2.5 392
1662376295992 10.0 393
1662376297258 9.0 394
1662376298515 4.0 395
1662376299783 2.0 396
1662376301058 9.5 397
1662376302310 5.0 398
1662376303616 6.5 399
1662376304877 6.5 400
1662376306161 5.0 401
1662376307479 9.0 402
1662376308802 3.0 403
1662376310064 14.0 404
1662376311338 14.0 405
1662376312626 13.5 406
1662376313921 6.5 407
1662376315167 9.5 408
1662376316464 9.5 409
1662376317750 18.5 410
1662376319043 43.0 411
1662376320333 10.0 412
1662376321594 56.5 413
1662376322865 9.5 414
1662376324120 9.5 415
1662376325357 9.0 416
1662376326654 4.5 417
1662376327890 11.5 418
1662376329138 5.5 419
1662376330381 12.5 420
1662376331660 50.0 421
1662376332922 17.0 422
1662376334168 7.0 423
1662376335450 5.5 424
1662376336739 6.0 425
1662376338017 6.0 426
1662376339262 6.5 427
1662376340496 3.5 428
1662376341780 3.0 429
1662376343042 4.5 430
1662376344296 4.0 431
1662376345560 7.0 432
1662376346779 17.5 433
1662376348022 4.5 434
1662376349244 6.0 435
1662376350502 6.5 436
1662376351756 7.5 437
1662376353055 13.0 438
1662376354288 3.0 439
1662376355564 17.5 440
1662376356854 8.0 441
1662376358117 6.5 442
1662376359422 2.5 443
1662376360680 4.0 444
1662376361927 4.0 445
1662376363194 10.5 446
1662376364470 5.5 447
1662376365751 71.0 448
1662376367023 8.0 449
1662376368260 7.0 450
1662376369517 10.5 451
1662376370769 15.5 452
1662376372056 5.0 453
1662376373317 8.0 454
1662376374566 12.0 455
1662376375833 7.0 456
1662376377131 21.5 457
1662376378446 7.0 458
1662376379826 14.5 459
1662376381134 9.0 460
1662376382476 6.0 461
1662376383691 3.0 462
1662376384967 3.0 463
1662376386244 7.5 464
1662376387600 4.5 465
1662376388891 31.5 466
1662376390189 7.0 467
1662376391465 5.0 468
1662376392732 10.0 469
1662376394015 24.5 470
1662376395314 6.0 471
1662376396585 3.0 472
1662376397857 5.5 473
1662376399086 13.0 474
1662376400375 14.0 475
1662376401715 16.0 476
1662376402980 8.5 477
1662376404233 5.0 478
1662376405502 10.0 479
1662376406777 6.5 480
1662376408053 6.0 481
1662376409304 4.5 482
1662376410567 4.0 483
1662376411835 7.0 484
1662376413129 7.0 485
1662376414382 38.5 486
1662376415625 3.5 487
1662376416877 7.5 488
1662376418155 82.0 489
1662376419409 6.0 490
1662376420699 15.5 491
1662376421905 10.0 492
1662376423186 11.0 493
1662376424433 5.5 494
1662376425786 17.5 495
1662376427044 8.5 496
1662376428261 3.5 497
1662376429533 11.0 498
1662376430792 3.0 499
1662376432007 6.5 500
1662376433273 12.5 501
1662376434512 7.0 502
1662376435774 5.5 503
1662376437037 7.5 504
1662376438318 5.5 505
1662376439583 10.5 506
1662376440862 65.5 507
1662376442136 14.0 508
1662376443391 3.5 509
1662376444630 13.5 510
1662376445889 12.0 511
1662376447106 7.0 512
1662376448369 4.0 513
1662376449691 5.5 514
1662376450971 37.0 515
1662376452257 10.5 516
1662376453486 17.5 517
1662376454725 3.0 518
1662376455999 5.0 519
1662376457326 13.0 520
1662376458623 7.5 521
1662376459871 2.5 522
1662376461142 18.0 523
1662376462403 4.0 524
1662376463714 9.5 525
1662376465020 31.0 526
1662376466265 6.5 527
1662376467547 4.0 528
1662376468839 29.5 529
1662376470138 16.5 530
1662376471379 6.5 531
1662376472610 3.0 532
1662376473881 3.5 533
1662376475182 21.0 534
1662376476461 30.0 535
1662376477745 8.5 536
1662376479034 19.5 537
1662376480304 5.5 538
1662376481538 10.0 539
1662376482774 2.5 540
1662376484059 8.5 541
1662376485346 5.5 542
1662376486601 3.5 543
1662376487879 3.5 544
1662376489163 8.0 545
1662376490431 8.5 546
1662376491694 62.5 547
1662376492950 12.5 548
1662376494190 11.5 549
1662376495476 4.5 550
1662376496825 5.0 551
1662376498076 15.0 552
1662376499376 8.0 553
1662376500628 10.5 554
1662376501933 8.5 555
1662376503231 9.5 556
1662376504503 13.5 557
1662376505767 23.5 558
1662376507046 29.0 559
1662376508315 3.5 560
1662376509605 6.5 561
1662376510865 9.5 562
1662376512141 8.5 563
1662376513419 4.5 564
1662376514684 5.0 565
1662376515924 4.0 566
1662376517216 66.0 567
1662376518517 4.5 568
1662376519870 21.0 569
1662376521146 18.0 570
1662376522431 6.5 571
1662376523728 6.5 572
1662376525012 4.5 573
1662376526307 3.0 574
1662376527574 13.0 575
1662376528853 29.5 576
1662376530143 19.0 577
1662376531386 7.0 578
1662376532682 13.0 579
1662376533988 11.0 580
1662376535254 17.5 581
1662376536513 8.0 582
1662376537795 15.5 583
1662376539042 3.0 584
1662376540324 8.0 585
1662376541542 10.5 586
1662376542788 3.0 587
1662376544032 4.5 588
1662376545326 3.0 589
1662376546593 4.0 590
1662376547893 19.5 591
1662376549159 7.0 592
1662376550434 16.5 593
1662376551677 5.0 594
1662376552930 3.5 595
1662376554194 68.0 596
1662376555469 5.5 597
1662376556804 5.5 598
1662376558069 4.0 599
1662376559352 9.0 600
1662376560664 45.5 601
1662376561913 18.5 602
1662376563193 11.0 603
1662376564404 6.5 604
1662376565678 10.0 605
1662376566960 6.0 606
1662376568260 3.0 607
1662376569529 14.0 608
1662376570827 32.5 609
1662376572113 3.0 610
1662376573408 15.0 611
1662376574656 7.0 612
1662376575921 8.0 613
1662376577238 7.0 614
1662376578485 12.5 615
1662376579772 10.5 616
1662376581037 2.5 617
1662376582327 4.5 618
1662376583638 6.0 619
1662376584908 35.0 620
1662376586237 10.0 621
1662376587544 14.0 622
1662376588893 3.5 623
1662376590166 6.5 624
1662376591400 5.0 625
1662376592638 4.5 626
1662376593914 14.0 627
1662376595171 4.0 628
1662376596439 8.0 629
1662376597791 25.0 630
1662376599067 9.5 631
1662376600322 7.5 632
1662376601619 20.5 633
1662376602895 16.0 634
1662376604129 3.0 635
1662376605370 5.5 636
1662376606597 7.5 637
1662376607889 6.5 638
1662376609186 4.0 639
1662376610463 9.5 640
1662376611755 18.0 641
1662376613018 7.5 642
1662376614244 15.5 643
1662376615530 3.5 644
1662376616807 5.0 645
1662376618036 7.5 646
1662376619311 5.0 647
1662376620615 58.5 648
1662376621933 14.5 649
1662376623204 21.5 650
1662376624482 8.0 651
1662376625771 15.5 652
1662376627050 10.5 653
1662376628345 70.0 654
1662376629604 4.0 655
1662376630903 9.5 656
1662376632161 14.0 657
1662376633441 15.0 658
1662376634703 12.5 659
1662376635983 8.0 660
1662376637231 5.0 661
1662376638513 6.0 662
1662376639812 11.5 663
1662376641096 6.5 664
1662376642373 4.0 665
1662376643693 6.5 666
1662376644958 5.5 667
1662376646228 6.5 668
1662376647484 4.5 669
1662376648773 32.5 670
1662376650075 9.0 671
1662376651306 3.0 672
1662376652578 6.0 673
1662376653908 2.0 674
1662376655108 6.0 675
1662376656362 8.0 676
1662376657670 16.0 677
1662376658978 21.0 678
1662376660218 12.0 679
1662376661475 9.0 680
1662376662771 3.5 681
1662376664047 5.5 682
1662376665291 12.0 683
1662376666558 68.0 684
1662376667826 5.5 685
1662376669081 5.5 686
1662376670343 8.5 687
1662376671590 12.0 688
1662376672894 9.5 689
1662376674186 21.0 690
1662376675428 8.0 691
1662376676710 23.0 692
1662376677947 31.5 693
1662376679200 4.0 694
1662376680434 5.0 695
1662376681663 2.0 696
1662376682947 13.5 697
1662376684203 13.5 698
1662376685428 5.5 699
1662376686676 7.0 700
1662376687911 7.5 701
1662376689156 10.0 702
1662376690407 11.0 703
1662376691697 15.0 704
1662376693019 16.0 705
1662376694287 7.0 706
1662376695549 5.0 707
1662376696801 6.5 708
1662376698079 4.5 709
1662376699349 14.5 710
1662376700631 25.5 711
1662376701881 7.5 712
1662376703130 10.5 713
1662376704415 2.0 714
1662376705770 3.0 715
1662376707049 3.0 716
1662376708291 10.0 717
1662376709580 6.5 718
1662376710857 6.0 719
1662376712151 18.5 720
1662376713438 6.5 721
1662376714714 2.5 722
1662376715993 9.5 723
1662376717274 5.5 724
1662376718511 8.0 725
1662376719782 5.0 726
1662376721079 3.5 727
1662376722355 2.0 728
1662376723650 57.5 729
1662376724896 3.0 730
1662376726154 25.0 731
1662376727421 6.0 732
1662376728706 37.5 733
1662376729975 23.5 734
1662376731263 4.0 735
1662376732511 4.5 736
1662376733776 6.5 737
1662376734988 15.0 738
1662376736264 7.0 739
1662376737494 8.0 740
1662376738771 20.5 741
1662376740028 3.0 742
1662376741305 15.5 743
1662376742573 2.0 744
1662376743838 10.0 745
1662376745082 6.0 746
1662376746302 19.5 747
1662376747579 11.5 748
1662376748848 2.5 749
1662376750103 7.0 750
1662376751398 13.5 751
1662376752656 6.5 752
1662376753918 11.5 753
1662376755217 5.0 754
1662376756487 9.5 755
1662376757729 20.5 756
1662376759013 33.5 757
1662376760274 3.0 758
1662376761581 5.0 759
1662376762843 10.0 760
1662376764103 21.5 761
1662376765372 10.0 762
1662376766735 68.0 763
1662376767982 9.5 764
1662376769234 3.0 765
1662376770527 9.0 766
1662376771812 2.0 767
1662376773048 7.5 768
1662376774312 9.0 769
1662376775565 10.5 770
1662376776837 9.0 771
1662376778106 6.5 772
1662376779363 4.0 773
1662376780573 8.5 774
1662376781809 19.5 775
1662376783053 3.0 776
1662376784303 66.5 777
1662376785565 18.5 778
1662376786849 10.0 779
1662376788095 4.5 780
1662376789389 18.0 781
1662376790663 27.0 782
1662376791916 11.5 783
1662376793208 3.5 784
1662376794512 2.0 785
1662376795806 34.5 786
1662376797082 7.5 787
1662376798339 10.0 788
1662376799632 10.0 789
1662376800901 9.0 790
1662376802171 9.0 791
1662376803447 3.0 792
1662376804716 6.5 793
1662376805982 13.0 794
1662376807206 5.0 795
1662376808431 5.5 796
1662376809679 33.5 797
1662376810949 2.5 798
1662376811693 7.5 799
