1662375794577 0.2199571899836883 0
1662375795780 0.005115711945109069 1
1662375797158 0.005213654018007219 2
1662375798417 0.0032711989479139447 3
1662375799679 0.0038069129223003983 4
1662375800893 0.00444925797637552 5
1662375802132 0.004008157062344253 6
1662375803403 0.004527239943854511 7
1662375804669 0.0032295779092237353 8
1662375805922 0.0036426980514079332 9
1662375807168 0.004151916946284473 10
1662375808415 0.0036062690196558833 11
1662375809669 0.004125181003473699 12
1662375810956 0.004782531992532313 13
1662375812177 0.004531421000137925 14
1662375813402 0.004307275055907667 15
1662375814655 0.00408544996753335 16
1662375815885 0.0051238699816167355 17
1662375817190 0.004704548045992851 18
1662375818461 0.004255636013112962 19
1662375819725 0.00470365397632122 20
1662375821045 0.004426731960847974 21
1662375822327 0.004498828900977969 22
1662375823567 0.004263474023900926 23
1662375824808 0.004027917981147766 24
1662375826068 0.0039053349755704403 25
1662375827273 0.0043779140105471015 26
1662375828559 0.00455816590692848 27
1662375829815 0.00462368899025023 28
1662375831072 0.0034653969341889024 29
1662375832337 0.003221436054445803 30
1662375833617 0.0045201960019767284 31
1662375834865 0.004570066928863525 32
1662375836135 0.0038022269727662206 33
1662375837377 0.0038297080900520086 34
1662375838634 0.004581356071867049 35
1662375839897 0.004457759903743863 36
1662375841150 0.004519751062616706 37
1662375842433 0.0050379770109429955 38
1662375843696 0.004745887010358274 39
1662375845016 0.00532609096262604 40
1662375846311 0.0037886269856244326 41
1662375847598 0.004351116018369794 42
1662375848878 0.0033622069749981165 43
1662375850119 0.004866442992351949 44
1662375851417 0.003828441957011819 45
1662375852677 0.004514293046668172 46
1662375853933 0.0040385660249739885 47
1662375855192 0.004453041939996183 48
1662375856458 0.004334272933192551 49
1662375857732 0.004572934936732054 50
1662375859018 0.004290882032364607 51
1662375860315 0.004364292020909488 52
1662375861655 0.004002860048785806 53
1662375862928 0.003612938104197383 54
1662375864188 0.004839835921302438 55
1662375865480 0.0031734779477119446 56
1662375866753 0.004804156022146344 57
1662375868062 0.004645313019864261 58
1662375869306 0.004249693010933697 59
1662375870594 0.003883667988702655 60
1662375871907 0.004745752899907529 61
1662375873287 0.0043887849897146225 62
1662375874558 0.004344258108176291 63
1662375875815 0.0045238599414005876 64
1662375877093 0.003991728997789323 65
1662375878335 0.004509905003942549 66
1662375879608 0.0034724490251392126 67
1662375880900 0.003961764043197036 68
1662375882165 0.004350011004135013 69
1662375883451 0.004021137952804565 70
1662375884721 0.004054786986671388 71
1662375885953 0.004267356009222567 72
1662375887230 0.004555420950055122 73
1662375888489 0.004576146020554006 74
1662375889763 0.004587831906974316 75
1662375891045 0.0030822609551250935 76
1662375892299 0.0042238140013068914 77
1662375893548 0.004557178006507456 78
1662375894830 0.003769838949665427 79
1662375896077 0.004264840972609818 80
1662375897430 0.004487222991883755 81
1662375898731 0.004789220984093845 82
1662375899981 0.00539740698877722 83
1662375901288 0.004421678022481501 84
1662375902568 0.003939392045140266 85
1662375903847 0.004366865963675082 86
1662375905111 0.003186563029885292 87
1662375906403 0.004397345939651132 88
1662375907665 0.004995977971702814 89
1662375908935 0.004328608978539705 90
1662375910205 0.004474908928386867 91
1662375911500 0.004608910996466875 92
1662375912766 0.0046614359598606825 93
1662375914045 0.004622037056833506 94
1662375915331 0.00402408093214035 95
1662375916611 0.004178739967755973 96
1662375917912 0.0042888750322163105 97
1662375919214 0.004698317963629961 98
1662375920515 0.004624344990588725 99
1662375921813 0.004591968026943505 100
1662375923095 0.004826921969652176 101
1662375924364 0.004574576974846423 102
1662375925714 0.0045397840440273285 103
1662375927002 0.004618109087459743 104
1662375928319 0.0041817339370027184 105
1662375929629 0.003920356975868344 106
1662375930913 0.004155361908487976 107
1662375932260 0.00488689006306231 108
1662375933545 0.004437308991327882 109
1662375934809 0.003877233015373349 110
1662375936092 0.004217769019305706 111
1662375937383 0.004473188077099621 112
1662375938642 0.004109037923626602 113
1662375939912 0.004335870034992695 114
1662375941221 0.00466292689088732 115
1662375942488 0.004598776926286519 116
1662375943701 0.004475580062717199 117
1662375944952 0.004150033928453922 118
1662375946258 0.0035366739612072706 119
1662375947540 0.004338445025496185 120
1662375948823 0.0043144309893250465 121
1662375950108 0.003239720012061298 122
1662375951402 0.004622795036993921 123
1662375952642 0.004839463043026626 124
1662375953955 0.003754262928850949 125
1662375955205 0.005004919017665088 126
1662375956493 0.004248619079589844 127
1662375957802 0.004464003955945373 128
1662375959064 0.0042943519074469805 129
1662375960331 0.004143446916714311 130
1662375961564 0.004414991941303015 131
1662375962824 0.004169425927102566 132
1662375964116 0.004450376960448921 133
1662375965397 0.004745941958390176 134
1662375966683 0.004249117104336619 135
1662375967984 0.004923135973513126 136
1662375969268 0.004550741985440254 137
1662375970541 0.004223283962346613 138
1662375971827 0.004058997030369937 139
1662375973122 0.004609219031408429 140
1662375974402 0.004873796016909182 141
1662375975678 0.004390116082504392 142
1662375976961 0.004516585962846875 143
1662375978211 0.003575304988771677 144
1662375979495 0.004706677980720997 145
1662375980725 0.003902512020431459 146
1662375982015 0.004595533944666386 147
1662375983263 0.003771165036596358 148
1662375984508 0.004757635062560439 149
1662375985776 0.004337009973824024 150
1662375987055 0.004437345080077648 151
1662375988323 0.004491873900406063 152
1662375989630 0.004206399898976088 153
1662375990922 0.005212724907323718 154
1662375992213 0.0047622889978811145 155
1662375993491 0.004344274057075381 156
1662375994791 0.00454012502450496 157
1662375996058 0.004740335047245026 158
1662375997353 0.0036816009087488055 159
1662375998598 0.005173956044018269 160
1662375999858 0.004573904909193516 161
1662376001102 0.004211061983369291 162
1662376002408 0.0035732350079342723 163
1662376003711 0.004927402012981474 164
1662376004972 0.003617038019001484 165
1662376006217 0.00419053400401026 166
1662376007478 0.0040796519024297595 167
1662376008753 0.00437605194747448 168
1662376010032 0.004203404998406768 169
1662376011307 0.004873733967542648 170
1662376012634 0.004472029046155512 171
1662376013934 0.004719885997474194 172
1662376015243 0.004972464987076819 173
1662376016542 0.004526680917479098 174
1662376017793 0.004577009007334709 175
1662376019073 0.00473134103231132 176
1662376020346 0.003871430060826242 177
1662376021626 0.004246074007824063 178
1662376022916 0.004790131002664566 179
1662376024220 0.004793051979504526 180
1662376025524 0.004944278043694794 181
1662376026850 0.0038806679658591747 182
1662376028153 0.004204188007861376 183
1662376029428 0.004555610939860344 184
1662376030689 0.004021618980914354 185
1662376032003 0.005071014049462974 186
1662376033309 0.004606231930665672 187
1662376034584 0.004361447994597256 188
1662376035840 0.0037666530115529895 189
1662376037136 0.004735591006465256 190
1662376038411 0.004450615029782057 191
1662376039692 0.004055245080962777 192
1662376040992 0.004438686068169773 193
1662376042248 0.004344911081716418 194
1662376043484 0.004304919973947108 195
1662376044771 0.0040804550517350435 196
1662376046031 0.004784040967933834 197
1662376047299 0.0043939490569755435 198
1662376048592 0.004519468056969345 199
1662376049835 0.00498293898999691 200
1662376051141 0.004351763986051083 201
1662376052446 0.0046476529678329825 202
1662376053674 0.004612806951627135 203
1662376054955 0.0043741699773818254 204
1662376056236 0.004048425937071443 205
1662376057505 0.004135558963753283 206
1662376058750 0.004302682005800307 207
1662376060016 0.0040450090309605 208
1662376061268 0.0044787939405068755 209
1662376062527 0.00428388302680105 210
1662376063811 0.004318457911722362 211
1662376065103 0.0036824760027229786 212
1662376066360 0.005373124033212662 213
1662376067657 0.004800481954589486 214
1662376068917 0.0046923100017011166 215
1662376070216 0.0032198360422626138 216
1662376071475 0.004989987006410956 217
1662376072719 0.0044709909707307816 218
1662376073985 0.003772660973481834 219
1662376075254 0.00485245103482157 220
1662376076576 0.0048493059584870934 221
1662376077885 0.005014084978029132 222
1662376079153 0.004015138954855502 223
1662376080443 0.00460111303254962 224
1662376081711 0.004839691915549338 225
1662376082998 0.00493610103148967 226
1662376084278 0.004955228068865836 227
1662376085534 0.003907370031811297 228
1662376086798 0.00474218197632581 229
1662376088122 0.004256145912222564 230
1662376089395 0.004945453023537993 231
1662376090664 0.004254907020367682 232
1662376091941 0.003919961047358811 233
1662376093225 0.004708072054199874 234
1662376094460 0.004632203024812043 235
1662376095733 0.004294649930670857 236
1662376097009 0.004825903917662799 237
1662376098248 0.004049635957926512 238
1662376099560 0.0033810309832915664 239
1662376100811 0.005116501939482987 240
1662376102080 0.004443633952178061 241
1662376103343 0.004033265984617174 242
1662376104574 0.004412451991811395 243
1662376105835 0.003968756063841283 244
1662376107109 0.00437558104749769 245
1662376108389 0.004404242965392768 246
1662376109679 0.004692930961027741 247
1662376110903 0.004134834976866841 248
1662376112196 0.003433549078181386 249
1662376113504 0.0048663429915905 250
1662376114763 0.004095328971743584 251
1662376116018 0.00503607711289078 252
1662376117280 0.003999414970166981 253
1662376118566 0.004616842023096979 254
1662376119876 0.003990781027823687 255
1662376121118 0.004642397980205715 256
1662376122396 0.004672211012803018 257
1662376123685 0.004920897074043751 258
1662376124946 0.004748570034280419 259
1662376126184 0.004968544002622366 260
1662376127434 0.0038860980421304703 261
1662376128712 0.00466706498991698 262
1662376129934 0.0044189689215272665 263
1662376131171 0.003663189010694623 264
1662376132434 0.004295306978747249 265
1662376133698 0.005019030999392271 266
1662376134950 0.004034655983559787 267
1662376136230 0.004437576979398727 268
1662376137517 0.00598839099984616 269
1662376138786 0.004746271995827556 270
1662376140053 0.004282814916223288 271
1662376141329 0.0038999048992991447 272
1662376142611 0.004561054985970259 273
1662376143841 0.003895465051755309 274
1662376145144 0.003981732064858079 275
1662376146445 0.004391480004414916 276
1662376147722 0.004452395951375365 277
1662376149006 0.006722597987391055 278
1662376150295 0.004488958045840263 279
1662376151568 0.004289411008358002 280
1662376152880 0.003633848042227328 281
1662376154102 0.004143157973885536 282
1662376155384 0.0034125479869544506 283
1662376156659 0.004854505998082459 284
1662376157940 0.00428848504088819 285
1662376159199 0.003635840956121683 286
1662376160492 0.004994345013983548 287
1662376161750 0.004422068945132196 288
1662376163050 0.0039480619598180056 289
1662376164323 0.005137871019542217 290
1662376165624 0.004668381065130234 291
1662376166877 0.004610161995515227 292
1662376168162 0.004339677048847079 293
1662376169453 0.004716712981462479 294
1662376170758 0.004287126008421183 295
1662376172063 0.004886437091045082 296
1662376173330 0.004639267921447754 297
1662376174588 0.004155952949076891 298
1662376175933 0.00596360198687762 299
1662376177183 0.004963668063282967 300
1662376178479 0.0035078730434179306 301
1662376179778 0.0045982711017131805 302
1662376181027 0.004479432012885809 303
1662376182265 0.004264330957084894 304
1662376183536 0.004428536049090326 305
1662376184800 0.004245201940648258 306
1662376186070 0.004439753945916891 307
1662376187379 0.004277119995094836 308
1662376188651 0.0042723920196294785 309
1662376189921 0.004480701056309044 310
1662376191170 0.00457941391505301 311
1662376192433 0.004586931085214019 312
1662376193734 0.00465892197098583 313
1662376195022 0.004893353092484176 314
1662376196336 0.0044101179810240865 315
1662376197602 0.004447823041118681 316
1662376198838 0.004477370996028185 317
1662376200136 0.0040290659526363015 318
1662376201418 0.004712939960882068 319
1662376202693 0.004400984034873545 320
1662376203999 0.004242851980961859 321
1662376205262 0.004825813928619027 322
1662376206625 0.005280375014990568 323
1662376207936 0.004674585070461035 324
1662376209197 0.00397369998972863 325
1662376210497 0.0031542329816147685 326
1662376211745 0.0041858620243147016 327
1662376213002 0.0047049709828570485 328
1662376214261 0.004529283964075148 329
1662376215563 0.004515490960329771 330
1662376216817 0.004605069989338517 331
1662376218083 0.0046479529701173306 332
1662376219340 0.004424690036103129 333
1662376220603 0.0031816340051591396 334
1662376221900 0.003667913959361613 335
1662376223230 0.003795241005718708 336
1662376224517 0.00413812801707536 337
1662376225781 0.0039051680359989405 338
1662376227040 0.0041397399036213756 339
1662376228323 0.004033748060464859 340
1662376229590 0.004668344045057893 341
1662376230910 0.004633352975361049 342
1662376232194 0.0044621669221669436 343
1662376233508 0.004814908024854958 344
1662376234785 0.0047668240731582046 345
1662376236033 0.004993243026547134 346
1662376237290 0.004178034025244415 347
1662376238606 0.004209415055811405 348
1662376239900 0.004769789054989815 349
1662376241180 0.0043146549724042416 350
1662376242442 0.003298384021036327 351
1662376243721 0.003900391049683094 352
1662376244982 0.004419118049554527 353
1662376246268 0.00471312296576798 354
1662376247550 0.003964000032283366 355
1662376248832 0.004344578017480671 356
1662376250114 0.004513436928391457 357
1662376251351 0.004014682024717331 358
1662376252634 0.0031419129809364676 359
1662376253906 0.0038316540885716677 360
1662376255163 0.004322041058912873 361
1662376256457 0.0043077400187030435 362
1662376257757 0.004271459998562932 363
1662376259041 0.004352058982476592 364
1662376260307 0.0041115350322797894 365
1662376261618 0.00395261705853045 366
1662376262922 0.004859926993958652 367
1662376264224 0.0047813409473747015 368
1662376265486 0.00418796599842608 369
1662376266761 0.0038628950715065002 370
1662376268027 0.004039359046146274 371
1662376269281 0.004782140022143722 372
1662376270541 0.004469548002816737 373
1662376271781 0.004268485936336219 374
1662376273076 0.004467315040528774 375
1662376274373 0.004873557947576046 376
1662376275646 0.0036255550803616643 377
1662376276925 0.004266637028194964 378
1662376278190 0.004347475012764335 379
1662376279464 0.004466270096600056 380
1662376280712 0.0036220690235495567 381
1662376282034 0.0041632200591266155 382
1662376283319 0.0032052539754658937 383
1662376284586 0.004556528991088271 384
1662376285894 0.0040195530746132135 385
1662376287177 0.004242070950567722 386
1662376288416 0.004364608903415501 387
1662376289700 0.004377178032882512 388
1662376291006 0.005051387008279562 389
1662376292278 0.004266852978616953 390
1662376293530 0.004616586025804281 391
1662376294754 0.004384341067634523 392
1662376295998 0.003976166946813464 393
1662376297267 0.0031026529613882303 394
1662376298524 0.00486349209677428 395
1662376299788 0.004474614979699254 396
1662376301066 0.003942709066905081 397
1662376302318 0.004110738984309137 398
1662376303627 0.004323757952079177 399
1662376304885 0.0054009390296414495 400
1662376306168 0.0038423939840868115 401
1662376307487 0.004374574986286461 402
1662376308811 0.005015618982724845 403
1662376310069 0.004138299031183124 404
1662376311346 0.003795471042394638 405
1662376312631 0.004524191026575863 406
1662376313928 0.004423820995725691 407
1662376315176 0.0035664630122482777 408
1662376316473 0.0041203119326382875 409
1662376317758 0.0045885409926995635 410
1662376319053 0.0045885139843449 411
1662376320341 0.005058898939751089 412
1662376321603 0.004469308070838451 413
1662376322873 0.003866462968289852 414
1662376324128 0.003251582966186106 415
1662376325366 0.004661031998693943 416
1662376326664 0.004392620059661567 417
1662376327897 0.004405622952617705 418
1662376329145 0.003948717028833926 419
1662376330387 0.004194095032289624 420
1662376331667 0.0038240080466493964 421
1662376332931 0.003857953008264303 422
1662376334175 0.004297616076655686 423
1662376335457 0.004744340083561838 424
1662376336745 0.003501458908431232 425
1662376338023 0.004133192007429898 426
1662376339267 0.0044319420121610165 427
1662376340502 0.0037614960456267 428
1662376341789 0.004036854952573776 429
1662376343050 0.004093528958037496 430
1662376344305 0.0043043040204793215 431
1662376345571 0.0046841599978506565 432
1662376346787 0.003555603907443583 433
1662376348030 0.00372787204105407 434
1662376349250 0.00380532699637115 435
1662376350510 0.00433125498238951 436
1662376351762 0.0042002369882538915 437
1662376353063 0.0042099099373444915 438
1662376354296 0.005022249999456108 439
1662376355571 0.00394366797991097 440
1662376356863 0.004626557929441333 441
1662376358122 0.004364649998024106 442
1662376359430 0.0031933689024299383 443
1662376360686 0.004283084999769926 444
1662376361936 0.004261672031134367 445
1662376363199 0.004264836083166301 446
1662376364479 0.004241110058501363 447
1662376365758 0.004781788098625839 448
1662376367032 0.004419259959831834 449
1662376368269 0.004605107009410858 450
1662376369526 0.00481280405074358 451
1662376370776 0.004366065026260912 452
1662376372064 0.0046858349815011024 453
1662376373322 0.004323096945881844 454
1662376374574 0.004442458972334862 455
1662376375842 0.004625051049515605 456
1662376377136 0.004587632021866739 457
1662376378454 0.004323618020862341 458
1662376379834 0.00482040096540004 459
1662376381141 0.004070395953021944 460
1662376382483 0.00507191801443696 461
1662376383700 0.0044104959815740585 462
1662376384973 0.004345978028140962 463
1662376386251 0.004027365008369088 464
1662376387610 0.004526749951764941 465
1662376388899 0.004306692979298532 466
1662376390199 0.004030706011690199 467
1662376391474 0.0049743379931896925 468
1662376392738 0.004282540990971029 469
1662376394023 0.004776999936439097 470
1662376395322 0.004532378981821239 471
1662376396594 0.0049072690308094025 472
1662376397865 0.004212814965285361 473
1662376399094 0.004726432031020522 474
1662376400381 0.004126056097447872 475
1662376401724 0.004359335987828672 476
1662376402989 0.004287429968826473 477
1662376404241 0.004689226043410599 478
1662376405511 0.003979278029873967 479
1662376406785 0.004059439059346914 480
1662376408060 0.004893648903816938 481
1662376409310 0.005018807016313076 482
1662376410576 0.0040941929910331964 483
1662376411843 0.004824751056730747 484
1662376413137 0.004966192063875496 485
1662376414391 0.004277240950614214 486
1662376415633 0.004799477988854051 487
1662376416886 0.004838199936784804 488
1662376418163 0.00466138101182878 489
1662376419421 0.004592158948071301 490
1662376420706 0.003580373013392091 491
1662376421910 0.005025133956223726 492
1662376423194 0.004081754945218563 493
1662376424442 0.00489592703524977 494
1662376425794 0.004850125988014042 495
1662376427052 0.004037510952912271 496
1662376428266 0.004205406061373651 497
1662376429541 0.004131185007281601 498
1662376430798 0.004077887977473438 499
1662376432014 0.004699622979387641 500
1662376433281 0.003875956987030804 501
1662376434521 0.004692215006798506 502
1662376435782 0.004614142933860421 503
1662376437044 0.004330460098572075 504
1662376438326 0.004869240918196738 505
1662376439590 0.0045337030896916986 506
1662376440867 0.004535803105682135 507
1662376442145 0.004506591008976102 508
1662376443396 0.004622961045242846 509
1662376444637 0.003706107963807881 510
1662376445898 0.0036467399913817644 511
1662376447112 0.004565389011986554 512
1662376448378 0.0038716429844498634 513
1662376449700 0.004091934068128467 514
1662376450979 0.0044475330505520105 515
1662376452264 0.0045341349905356765 516
1662376453495 0.004349231021478772 517
1662376454733 0.004210914019495249 518
1662376456008 0.0034555819584056735 519
1662376457335 0.004753474961034954 520
1662376458631 0.0040876439306885 521
1662376459877 0.004443251062184572 522
1662376461149 0.004460152005776763 523
1662376462411 0.004171276930719614 524
1662376463723 0.00451296498067677 525
1662376465028 0.004828142002224922 526
1662376466273 0.004380647907964885 527
1662376467555 0.004547333926893771 528
1662376468846 0.004533642088063061 529
1662376470147 0.004163654055446386 530
1662376471384 0.00432439602445811 531
1662376472619 0.0038315800484269857 532
1662376473889 0.00462826993316412 533
1662376475190 0.004091850947588682 534
1662376476469 0.0042943429434672 535
1662376477752 0.004136741044931114 536
1662376479042 0.00480609992519021 537
1662376480313 0.004710983019322157 538
1662376481545 0.0046110800467431545 539
1662376482782 0.0030501208966597915 540
1662376484065 0.004392468952573836 541
1662376485351 0.003405229072086513 542
1662376486610 0.004510066006332636 543
1662376487884 0.004237225977703929 544
1662376489171 0.004054377903230488 545
1662376490439 0.004177057999186218 546
1662376491699 0.004206281970255077 547
1662376492958 0.004389715031720698 548
1662376494198 0.004319682950153947 549
1662376495483 0.003935777931474149 550
1662376496834 0.004731266992166638 551
1662376498082 0.00470062589738518 552
1662376499385 0.0036008490715175867 553
1662376500637 0.004818838904611766 554
1662376501941 0.004773349966853857 555
1662376503238 0.004604055895470083 556
1662376504509 0.0039886729791760445 557
1662376505776 0.004447703016921878 558
1662376507054 0.004673157935030758 559
1662376508323 0.0044681980507448316 560
1662376509611 0.004909147042781115 561
1662376510872 0.00429551606066525 562
1662376512149 0.004943533916957676 563
1662376513427 0.0044352730037644506 564
1662376514692 0.004325835034251213 565
1662376515929 0.004149151965975761 566
1662376517224 0.0040726769948378205 567
1662376518525 0.003980604000389576 568
1662376519875 0.003739665960893035 569
1662376521155 0.003808648092672229 570
1662376522436 0.004468089900910854 571
1662376523733 0.0035944139817729592 572
1662376525019 0.003989966935478151 573
1662376526316 0.004923775908537209 574
1662376527582 0.004673277959227562 575
1662376528859 0.004509384045377374 576
1662376530150 0.004596650949679315 577
1662376531391 0.004128662985749543 578
1662376532693 0.004333766992203891 579
1662376533994 0.003932112944312394 580
1662376535260 0.004274922073818743 581
1662376536519 0.003999617998488247 582
1662376537803 0.004410488996654749 583
1662376539048 0.004750318941660225 584
1662376540332 0.0041545359417796135 585
1662376541549 0.004577710991725326 586
1662376542795 0.0035094600170850754 587
1662376544039 0.0041607479797676206 588
1662376545332 0.00473493302706629 589
1662376546602 0.0038510019658133388 590
1662376547902 0.0037690489552915096 591
1662376549167 0.004709572996944189 592
1662376550440 0.0040409250650554895 593
1662376551683 0.0038261919980868697 594
1662376552936 0.004346693051047623 595
1662376554202 0.004468742059543729 596
1662376555477 0.004167534993030131 597
1662376556813 0.003885831916704774 598
1662376558078 0.004189259954728186 599
1662376559361 0.004680918995290995 600
1662376560672 0.004474395071156323 601
1662376561920 0.004266778938472271 602
1662376563199 0.004303473047912121 603
1662376564409 0.0042658919701352715 604
1662376565684 0.003995163016952574 605
1662376566966 0.0037256269715726376 606
1662376568269 0.0043695030035451055 607
1662376569536 0.005272153066471219 608
1662376570835 0.004279654007405043 609
1662376572121 0.004817411070689559 610
1662376573414 0.003961422014981508 611
1662376574662 0.00453910103533417 612
1662376575929 0.003958256100304425 613
1662376577246 0.004146096063777804 614
1662376578494 0.004659890080802143 615
1662376579780 0.004114849027246237 616
1662376581045 0.004611331969499588 617
1662376582333 0.004602909088134766 618
1662376583647 0.0042496140813454986 619
1662376584916 0.005014601047150791 620
1662376586246 0.004094024072401226 621
1662376587552 0.004495743080042303 622
1662376588902 0.00508759799413383 623
1662376590174 0.004581258981488645 624
1662376591410 0.0037155430763959885 625
1662376592644 0.0049766970332711935 626
1662376593921 0.0034727100282907486 627
1662376595178 0.0033608529483899474 628
1662376596447 0.004543164046481252 629
1662376597798 0.004825168987736106 630
1662376599075 0.004437489900738001 631
1662376600329 0.0044386329827830195 632
1662376601627 0.00434423191472888 633
1662376602903 0.004633585922420025 634
1662376604138 0.004938667989335954 635
1662376605376 0.004378988989628851 636
1662376606605 0.003509567934088409 637
1662376607898 0.004420493962243199 638
1662376609196 0.004285785951651633 639
1662376610470 0.0046692079631611705 640
1662376611764 0.004482752061448991 641
1662376613023 0.004349565948359668 642
1662376614252 0.00426796602550894 643
1662376615537 0.00449169403873384 644
1662376616813 0.004636681987904012 645
1662376618042 0.00476522499229759 646
1662376619318 0.00411231501493603 647
1662376620621 0.006065947003662586 648
1662376621941 0.004252873943187296 649
1662376623213 0.004575451021082699 650
1662376624488 0.005004150909371674 651
1662376625780 0.004169167950749397 652
1662376627058 0.004489621031098068 653
1662376628353 0.004700300982221961 654
1662376629611 0.0048609309596940875 655
1662376630910 0.0044024549424648285 656
1662376632166 0.004710240988060832 657
1662376633449 0.004233003011904657 658
1662376634713 0.004412682028487325 659
1662376635989 0.004457701928913593 660
1662376637239 0.004468502942472696 661
1662376638521 0.004200871917419136 662
1662376639821 0.0043546289671212435 663
1662376641104 0.003843593061901629 664
1662376642382 0.00486342201475054 665
1662376643701 0.004171333042904735 666
1662376644965 0.0041106389835476875 667
1662376646234 0.004696747986599803 668
1662376647492 0.003711859928444028 669
1662376648779 0.004813596955500543 670
1662376650083 0.004735587979666889 671
1662376651312 0.005079907015897334 672
1662376652586 0.005054929060861468 673
1662376653913 0.004574976046569645 674
1662376655114 0.003116057952865958 675
1662376656369 0.004242690978571773 676
1662376657679 0.004171657026745379 677
1662376658989 0.00502004602458328 678
1662376660225 0.0046083200722932816 679
1662376661483 0.003530394984409213 680
1662376662779 0.0045915350783616304 681
1662376664055 0.004285845090635121 682
1662376665296 0.004918671096675098 683
1662376666566 0.0036387359723448753 684
1662376667834 0.003954965039156377 685
1662376669088 0.004891298012807965 686
1662376670351 0.00391837302595377 687
1662376671598 0.00429925206117332 688
1662376672903 0.004700910998508334 689
1662376674192 0.0045785290421918035 690
1662376675433 0.004399403929710388 691
1662376676719 0.004236156004481018 692
1662376677956 0.004591598990373313 693
1662376679208 0.004605276044458151 694
1662376680442 0.004638787009753287 695
1662376681670 0.003887863946147263 696
1662376682952 0.004306643968448043 697
1662376684212 0.00363472499884665 698
1662376685438 0.0038365840446203947 699
1662376686684 0.004416052019223571 700
1662376687918 0.004789334023371339 701
1662376689163 0.0038137310184538364 702
1662376690415 0.004429778084158897 703
1662376691704 0.004921031999401748 704
1662376693027 0.004644934902898967 705
1662376694293 0.004424006096087396 706
1662376695558 0.003926767036318779 707
1662376696806 0.004872648045420647 708
1662376698087 0.004296228988096118 709
1662376699357 0.004390247049741447 710
1662376700639 0.0036485419841483235 711
1662376701887 0.0047860509948804975 712
1662376703139 0.003660427057184279 713
1662376704423 0.004596399958245456 714
1662376705780 0.004966008942574263 715
1662376707055 0.004640790051780641 716
1662376708300 0.004560828907415271 717
1662376709586 0.004182203090749681 718
1662376710867 0.004519377951510251 719
1662376712160 0.0045927370665594935 720
1662376713446 0.004448718042112887 721
1662376714721 0.004461562959477305 722
1662376716002 0.004798294045031071 723
1662376717280 0.004906391026452184 724
1662376718516 0.003770872950553894 725
1662376719791 0.003758175065740943 726
1662376721085 0.0045334589667618275 727
1662376722362 0.004638595040887594 728
1662376723658 0.004702048026956618 729
1662376724903 0.003844155929982662 730
1662376726160 0.0034307410242035985 731
1662376727427 0.004422907950356603 732
1662376728713 0.004000409971922636 733
1662376729984 0.004758381983265281 734
1662376731271 0.004043510998599231 735
1662376732517 0.004618267994374037 736
1662376733782 0.003891690052114427 737
1662376734995 0.004472617991268635 738
1662376736271 0.004313452052883804 739
1662376737502 0.0034495879663154483 740
1662376738777 0.004554903018288314 741
1662376740036 0.003906519035808742 742
1662376741311 0.00468849902972579 743
1662376742578 0.004042043932713568 744
1662376743847 0.004293164936825633 745
1662376745088 0.004501644987612963 746
1662376746310 0.003720159991644323 747
1662376747585 0.00359988899435848 748
1662376748854 0.004167178994975984 749
1662376750110 0.004433415946550667 750
1662376751406 0.00442599703092128 751
1662376752663 0.004561107023619115 752
1662376753926 0.004583169938996434 753
1662376755224 0.004582882975228131 754
1662376756497 0.004940863931551576 755
1662376757735 0.00451082899235189 756
1662376759021 0.00432024709880352 757
1662376760280 0.005368630052544177 758
1662376761590 0.00414932903368026 759
1662376762851 0.0040924510685727 760
1662376764109 0.004510367987677455 761
1662376765381 0.0032485879492014647 762
1662376766744 0.004216547938995063 763
1662376767991 0.0048051789635792375 764
1662376769243 0.00532616104464978 765
1662376770536 0.004432781017385423 766
1662376771821 0.0047050779685378075 767
1662376773053 0.00506032700650394 768
1662376774317 0.004165768041275442 769
1662376775572 0.0038840980269014835 770
1662376776843 0.004623997025191784 771
1662376778112 0.0040957300225272775 772
1662376779368 0.004224729025736451 773
1662376780579 0.003937467932701111 774
1662376781815 0.0038080901140347123 775
1662376783061 0.004425214952789247 776
1662376784310 0.004499891074374318 777
1662376785573 0.003444063011556864 778
1662376786856 0.0039876229129731655 779
1662376788100 0.005002097925171256 780
1662376789397 0.0035636479733511806 781
1662376790669 0.0046170459827408195 782
1662376791925 0.004067083005793393 783
1662376793216 0.004273195052519441 784
1662376794521 0.004206042038276792 785
1662376795815 0.004406717955134809 786
1662376797088 0.0037418330321088433 787
1662376798346 0.003813041024841368 788
1662376799640 0.0036588360089808702 789
1662376800909 0.004608600051142275 790
1662376802180 0.004527485929429531 791
1662376803455 0.00462988403160125 792
1662376804723 0.004323780070990324 793
1662376805987 0.00475489697419107 794
1662376807213 0.004267206066288054 795
1662376808437 0.0045361199881881475 796
1662376809687 0.003517312929034233 797
1662376810958 0.004380646045319736 798
1662376811708 0.004944960004650056 799
