1662375818474 171.46643122541718 19
1662375819740 171.46643122541718 19
1662375821055 171.46643122541718 19
1662375822341 171.46643122541718 19
1662375823583 171.46643122541718 19
1662375824819 171.46643122541718 19
1662375826082 171.46643122541718 19
1662375827287 171.46643122541718 19
1662375828570 171.46643122541718 19
1662375829829 171.46643122541718 19
1662375831082 171.46643122541718 19
1662375832351 171.46643122541718 19
1662375833627 171.46643122541718 19
1662375834875 171.46643122541718 19
1662375836147 171.46643122541718 19
1662375837391 171.46643122541718 19
1662375838652 171.46643122541718 19
1662375839909 171.46643122541718 19
1662375841165 171.46643122541718 19
1662375842447 171.46643122541718 19
1662375843714 165.2705025067553 39
1662375845030 165.2705025067553 39
1662375846322 165.2705025067553 39
1662375847612 165.2705025067553 39
1662375848892 165.2705025067553 39
1662375850130 165.2705025067553 39
1662375851431 165.2705025067553 39
1662375852691 165.2705025067553 39
1662375853947 165.2705025067553 39
1662375855206 165.2705025067553 39
1662375856472 165.2705025067553 39
1662375857746 165.2705025067553 39
1662375859033 165.2705025067553 39
1662375860325 165.2705025067553 39
1662375861670 165.2705025067553 39
1662375862942 165.2705025067553 39
1662375864199 165.2705025067553 39
1662375865495 165.2705025067553 39
1662375866766 165.2705025067553 39
1662375868077 165.2705025067553 39
1662375869316 161.88679042621516 59
1662375870609 161.88679042621516 59
1662375871921 161.88679042621516 59
1662375873301 161.88679042621516 59
1662375874573 161.88679042621516 59
1662375875825 161.88679042621516 59
1662375877104 161.88679042621516 59
1662375878345 161.88679042621516 59
1662375879619 161.88679042621516 59
1662375880911 161.88679042621516 59
1662375882175 161.88679042621516 59
1662375883466 161.88679042621516 59
1662375884734 161.88679042621516 59
1662375885967 161.88679042621516 59
1662375887245 161.88679042621516 59
1662375888504 161.88679042621516 59
1662375889774 161.88679042621516 59
1662375891061 161.88679042621516 59
1662375892314 161.88679042621516 59
1662375893558 161.88679042621516 59
1662375894841 158.68901520967484 79
1662375896092 158.68901520967484 79
1662375897445 158.68901520967484 79
1662375898745 158.68901520967484 79
1662375899996 158.68901520967484 79
1662375901302 158.68901520967484 79
1662375902581 158.68901520967484 79
1662375903857 158.68901520967484 79
1662375905126 158.68901520967484 79
1662375906417 158.68901520967484 79
1662375907676 158.68901520967484 79
1662375908949 158.68901520967484 79
1662375910218 158.68901520967484 79
1662375911511 158.68901520967484 79
1662375912778 158.68901520967484 79
1662375914057 158.68901520967484 79
1662375915346 158.68901520967484 79
1662375916625 158.68901520967484 79
1662375917926 158.68901520967484 79
1662375919228 158.68901520967484 79
1662375920530 155.1373711670749 99
1662375921828 155.1373711670749 99
1662375923109 155.1373711670749 99
1662375924375 155.1373711670749 99
1662375925727 155.1373711670749 99
1662375927016 155.1373711670749 99
1662375928329 155.1373711670749 99
1662375929643 155.1373711670749 99
1662375930927 155.1373711670749 99
1662375932274 155.1373711670749 99
1662375933558 155.1373711670749 99
1662375934820 155.1373711670749 99
1662375936103 155.1373711670749 99
1662375937397 155.1373711670749 99
1662375938656 155.1373711670749 99
1662375939925 155.1373711670749 99
1662375941235 155.1373711670749 99
1662375942500 155.1373711670749 99
1662375943715 155.1373711670749 99
1662375944964 155.1373711670749 99
1662375946268 150.75143616413698 119
1662375947554 150.75143616413698 119
1662375948834 150.75143616413698 119
1662375950122 150.75143616413698 119
1662375951416 150.75143616413698 119
1662375952657 150.75143616413698 119
1662375953969 150.75143616413698 119
1662375955219 150.75143616413698 119
1662375956503 150.75143616413698 119
1662375957816 150.75143616413698 119
1662375959078 150.75143616413698 119
1662375960341 150.75143616413698 119
1662375961575 150.75143616413698 119
1662375962838 150.75143616413698 119
1662375964131 150.75143616413698 119
1662375965408 150.75143616413698 119
1662375966697 150.75143616413698 119
1662375967995 150.75143616413698 119
1662375969283 150.75143616413698 119
1662375970552 150.75143616413698 119
1662375971843 146.27237852895632 139
1662375973138 146.27237852895632 139
1662375974416 146.27237852895632 139
1662375975689 146.27237852895632 139
1662375976973 146.27237852895632 139
1662375978225 146.27237852895632 139
1662375979510 146.27237852895632 139
1662375980739 146.27237852895632 139
1662375982029 146.27237852895632 139
1662375983277 146.27237852895632 139
1662375984523 146.27237852895632 139
1662375985790 146.27237852895632 139
1662375987065 146.27237852895632 139
1662375988338 146.27237852895632 139
1662375989645 146.27237852895632 139
1662375990936 146.27237852895632 139
1662375992227 146.27237852895632 139
1662375993502 146.27237852895632 139
1662375994805 146.27237852895632 139
1662375996069 146.27237852895632 139
1662375997370 141.96169313043356 159
1662375998612 141.96169313043356 159
1662375999873 141.96169313043356 159
1662376001117 141.96169313043356 159
1662376002423 141.96169313043356 159
1662376003725 141.96169313043356 159
1662376004985 141.96169313043356 159
1662376006232 141.96169313043356 159
1662376007488 141.96169313043356 159
1662376008767 141.96169313043356 159
1662376010047 141.96169313043356 159
1662376011321 141.96169313043356 159
1662376012649 141.96169313043356 159
1662376013949 141.96169313043356 159
1662376015257 141.96169313043356 159
1662376016557 141.96169313043356 159
1662376017808 141.96169313043356 159
1662376019087 141.96169313043356 159
1662376020357 141.96169313043356 159
1662376021641 141.96169313043356 159
1662376022932 137.5253902201075 179
1662376024233 137.5253902201075 179
1662376025538 137.5253902201075 179
1662376026864 137.5253902201075 179
1662376028167 137.5253902201075 179
1662376029439 137.5253902201075 179
1662376030703 137.5253902201075 179
1662376032018 137.5253902201075 179
1662376033323 137.5253902201075 179
1662376034596 137.5253902201075 179
1662376035855 137.5253902201075 179
1662376037150 137.5253902201075 179
1662376038425 137.5253902201075 179
1662376039703 137.5253902201075 179
1662376041006 137.5253902201075 179
1662376042258 137.5253902201075 179
1662376043499 137.5253902201075 179
1662376044786 137.5253902201075 179
1662376046042 137.5253902201075 179
1662376047313 137.5253902201075 179
1662376048607 133.08908730978146 199
1662376049850 133.08908730978146 199
1662376051154 133.08908730978146 199
1662376052459 133.08908730978146 199
1662376053687 133.08908730978146 199
1662376054970 133.08908730978146 199
1662376056250 133.08908730978146 199
1662376057520 133.08908730978146 199
1662376058764 133.08908730978146 199
1662376060031 133.08908730978146 199
1662376061279 133.08908730978146 199
1662376062540 133.08908730978146 199
1662376063824 133.08908730978146 199
1662376065117 133.08908730978146 199
1662376066374 133.08908730978146 199
1662376067672 133.08908730978146 199
1662376068927 133.08908730978146 199
1662376070230 133.08908730978146 199
1662376071489 133.08908730978146 199
1662376072730 133.08908730978146 199
1662376073999 128.85752906440757 219
1662376075269 128.85752906440757 219
1662376076590 128.85752906440757 219
1662376077898 128.85752906440757 219
1662376079167 128.85752906440757 219
1662376080458 128.85752906440757 219
1662376081722 128.85752906440757 219
1662376083013 128.85752906440757 219
1662376084290 128.85752906440757 219
1662376085549 128.85752906440757 219
1662376086812 128.85752906440757 219
1662376088136 128.85752906440757 219
1662376089409 128.85752906440757 219
1662376090678 128.85752906440757 219
1662376091954 128.85752906440757 219
1662376093240 128.85752906440757 219
1662376094471 128.85752906440757 219
1662376095748 128.85752906440757 219
1662376097020 128.85752906440757 219
1662376098258 128.85752906440757 219
1662376099577 124.6899545006454 239
1662376100825 124.6899545006454 239
1662376102093 124.6899545006454 239
1662376103353 124.6899545006454 239
1662376104587 124.6899545006454 239
1662376105850 124.6899545006454 239
1662376107123 124.6899545006454 239
1662376108403 124.6899545006454 239
1662376109694 124.6899545006454 239
1662376110913 124.6899545006454 239
1662376112211 124.6899545006454 239
1662376113518 124.6899545006454 239
1662376114777 124.6899545006454 239
1662376116032 124.6899545006454 239
1662376117294 124.6899545006454 239
1662376118577 124.6899545006454 239
1662376119891 124.6899545006454 239
1662376121132 124.6899545006454 239
1662376122410 124.6899545006454 239
1662376123699 124.6899545006454 239
1662376124963 119.82575404574163 259
1662376126195 119.82575404574163 259
1662376127449 119.82575404574163 259
1662376128724 119.82575404574163 259
1662376129949 119.82575404574163 259
1662376131181 119.82575404574163 259
1662376132448 119.82575404574163 259
1662376133712 119.82575404574163 259
1662376134964 119.82575404574163 259
1662376136244 119.82575404574163 259
1662376137528 119.82575404574163 259
1662376138801 119.82575404574163 259
1662376140068 119.82575404574163 259
1662376141343 119.82575404574163 259
1662376142623 119.82575404574163 259
1662376143851 119.82575404574163 259
1662376145158 119.82575404574163 259
1662376146459 119.82575404574163 259
1662376147735 119.82575404574163 259
1662376149020 119.82575404574163 259
1662376150306 115.38776315515861 279
1662376151579 115.38776315515861 279
1662376152893 115.38776315515861 279
1662376154116 115.38776315515861 279
1662376155398 115.38776315515861 279
1662376156674 115.38776315515861 279
1662376157950 115.38776315515861 279
1662376159213 115.38776315515861 279
1662376160507 115.38776315515861 279
1662376161763 115.38776315515861 279
1662376163065 115.38776315515861 279
1662376164338 115.38776315515861 279
1662376165637 115.38776315515861 279
1662376166891 115.38776315515861 279
1662376168176 115.38776315515861 279
1662376169467 115.38776315515861 279
1662376170769 115.38776315515861 279
1662376172077 115.38776315515861 279
1662376173344 115.38776315515861 279
1662376174604 115.38776315515861 279
1662376175949 111.29200001596473 299
1662376177194 111.29200001596473 299
1662376178493 111.29200001596473 299
1662376179792 111.29200001596473 299
1662376181040 111.29200001596473 299
1662376182276 111.29200001596473 299
1662376183551 111.29200001596473 299
1662376184815 111.29200001596473 299
1662376186085 111.29200001596473 299
1662376187394 111.29200001596473 299
1662376188662 111.29200001596473 299
1662376189936 111.29200001596473 299
1662376191184 111.29200001596473 299
1662376192445 111.29200001596473 299
1662376193748 111.29200001596473 299
1662376195035 111.29200001596473 299
1662376196350 111.29200001596473 299
1662376197613 111.29200001596473 299
1662376198852 111.29200001596473 299
1662376200150 111.29200001596473 299
1662376201429 106.73416852019727 319
1662376202707 106.73416852019727 319
1662376204012 106.73416852019727 319
1662376205273 106.73416852019727 319
1662376206639 106.73416852019727 319
1662376207950 106.73416852019727 319
1662376209211 106.73416852019727 319
1662376210512 106.73416852019727 319
1662376211756 106.73416852019727 319
1662376213014 106.73416852019727 319
1662376214276 106.73416852019727 319
1662376215577 106.73416852019727 319
1662376216832 106.73416852019727 319
1662376218098 106.73416852019727 319
1662376219350 106.73416852019727 319
1662376220618 106.73416852019727 319
1662376221914 106.73416852019727 319
1662376223241 106.73416852019727 319
1662376224532 106.73416852019727 319
1662376225792 106.73416852019727 319
1662376227051 102.07379048340954 339
1662376228338 102.07379048340954 339
1662376229606 102.07379048340954 339
1662376230925 102.07379048340954 339
1662376232209 102.07379048340954 339
1662376233523 102.07379048340954 339
1662376234799 102.07379048340954 339
1662376236047 102.07379048340954 339
1662376237304 102.07379048340954 339
1662376238620 102.07379048340954 339
1662376239913 102.07379048340954 339
1662376241194 102.07379048340954 339
1662376242456 102.07379048340954 339
1662376243733 102.07379048340954 339
1662376244995 102.07379048340954 339
1662376246281 102.07379048340954 339
1662376247565 102.07379048340954 339
1662376248846 102.07379048340954 339
1662376250125 102.07379048340954 339
1662376251361 102.07379048340954 339
1662376252645 97.63579959282652 359
1662376253920 97.63579959282652 359
1662376255174 97.63579959282652 359
1662376256471 97.63579959282652 359
1662376257768 97.63579959282652 359
1662376259055 97.63579959282652 359
1662376260319 97.63579959282652 359
1662376261632 97.63579959282652 359
1662376262937 97.63579959282652 359
1662376264238 97.63579959282652 359
1662376265497 97.63579959282652 359
1662376266771 97.63579959282652 359
1662376268042 97.63579959282652 359
1662376269295 97.63579959282652 359
1662376270556 97.63579959282652 359
1662376271795 97.63579959282652 359
1662376273091 97.63579959282652 359
1662376274386 97.63579959282652 359
1662376275659 97.63579959282652 359
1662376276937 97.63579959282652 359
1662376278203 93.39239745517261 379
1662376279477 93.39239745517261 379
1662376280728 93.39239745517261 379
1662376282045 93.39239745517261 379
1662376283334 93.39239745517261 379
1662376284601 93.39239745517261 379
1662376285908 93.39239745517261 379
1662376287187 93.39239745517261 379
1662376288426 93.39239745517261 379
1662376289715 93.39239745517261 379
1662376291023 93.39239745517261 379
1662376292291 93.39239745517261 379
1662376293541 93.39239745517261 379
1662376294765 93.39239745517261 379
1662376296008 93.39239745517261 379
1662376297282 93.39239745517261 379
1662376298538 93.39239745517261 379
1662376299799 93.39239745517261 379
1662376301081 93.39239745517261 379
1662376302332 93.39239745517261 379
1662376303646 89.03120921459049 399
1662376304900 89.03120921459049 399
1662376306180 89.03120921459049 399
1662376307501 89.03120921459049 399
1662376308826 89.03120921459049 399
1662376310079 89.03120921459049 399
1662376311360 89.03120921459049 399
1662376312643 89.03120921459049 399
1662376313942 89.03120921459049 399
1662376315190 89.03120921459049 399
1662376316486 89.03120921459049 399
1662376317773 89.03120921459049 399
1662376319069 89.03120921459049 399
1662376320356 89.03120921459049 399
1662376321617 89.03120921459049 399
1662376322886 89.03120921459049 399
1662376324143 89.03120921459049 399
1662376325381 89.03120921459049 399
1662376326680 89.03120921459049 399
1662376327911 89.03120921459049 399
1662376329158 84.49788341182284 419
1662376330397 84.49788341182284 419
1662376331680 84.49788341182284 419
1662376332945 84.49788341182284 419
1662376334189 84.49788341182284 419
1662376335470 84.49788341182284 419
1662376336757 84.49788341182284 419
1662376338033 84.49788341182284 419
1662376339278 84.49788341182284 419
1662376340512 84.49788341182284 419
1662376341804 84.49788341182284 419
1662376343064 84.49788341182284 419
1662376344320 84.49788341182284 419
1662376345586 84.49788341182284 419
1662376346802 84.49788341182284 419
1662376348044 84.49788341182284 419
1662376349260 84.49788341182284 419
1662376350525 84.49788341182284 419
1662376351772 84.49788341182284 419
1662376353078 84.49788341182284 419
1662376354306 79.88383603049442 439
1662376355585 79.88383603049442 439
1662376356877 79.88383603049442 439
1662376358133 79.88383603049442 439
1662376359445 79.88383603049442 439
1662376360697 79.88383603049442 439
1662376361950 79.88383603049442 439
1662376363210 79.88383603049442 439
1662376364494 79.88383603049442 439
1662376365772 79.88383603049442 439
1662376367046 79.88383603049442 439
1662376368284 79.88383603049442 439
1662376369541 79.88383603049442 439
1662376370789 79.88383603049442 439
1662376372078 79.88383603049442 439
1662376373333 79.88383603049442 439
1662376374589 79.88383603049442 439
1662376375856 79.88383603049442 439
1662376377147 79.88383603049442 439
1662376378468 79.88383603049442 439
1662376379844 75.58500950573944 459
1662376381156 75.58500950573944 459
1662376382498 75.58500950573944 459
1662376383714 75.58500950573944 459
1662376384986 75.58500950573944 459
1662376386265 75.58500950573944 459
1662376387625 75.58500950573944 459
1662376388914 75.58500950573944 459
1662376390215 75.58500950573944 459
1662376391489 75.58500950573944 459
1662376392752 75.58500950573944 459
1662376394038 75.58500950573944 459
1662376395336 75.58500950573944 459
1662376396608 75.58500950573944 459
1662376397880 75.58500950573944 459
1662376399109 75.58500950573944 459
1662376400392 75.58500950573944 459
1662376401740 75.58500950573944 459
1662376403003 75.58500950573944 459
1662376404256 75.58500950573944 459
1662376405526 71.12945232540369 479
1662376406800 71.12945232540369 479
1662376408074 71.12945232540369 479
1662376409320 71.12945232540369 479
1662376410591 71.12945232540369 479
1662376411858 71.12945232540369 479
1662376413151 71.12945232540369 479
1662376414406 71.12945232540369 479
1662376415648 71.12945232540369 479
1662376416900 71.12945232540369 479
1662376418178 71.12945232540369 479
1662376419434 71.12945232540369 479
1662376420720 71.12945232540369 479
1662376421921 71.12945232540369 479
1662376423208 71.12945232540369 479
1662376424457 71.12945232540369 479
1662376425808 71.12945232540369 479
1662376427067 71.12945232540369 479
1662376428277 71.12945232540369 479
1662376429555 71.12945232540369 479
1662376430808 66.82130038971081 499
1662376432027 66.82130038971081 499
1662376433295 66.82130038971081 499
1662376434536 66.82130038971081 499
1662376435800 66.82130038971081 499
1662376437058 66.82130038971081 499
1662376438340 66.82130038971081 499
1662376439604 66.82130038971081 499
1662376440878 66.82130038971081 499
1662376442160 66.82130038971081 499
1662376443407 66.82130038971081 499
1662376444650 66.82130038971081 499
1662376445912 66.82130038971081 499
1662376447123 66.82130038971081 499
1662376448392 66.82130038971081 499
1662376449715 66.82130038971081 499
1662376450994 66.82130038971081 499
1662376452278 66.82130038971081 499
1662376453509 66.82130038971081 499
1662376454747 66.82130038971081 499
1662376456024 62.2464784164913 519
1662376457349 62.2464784164913 519
1662376458651 62.2464784164913 519
1662376459887 62.2464784164913 519
1662376461164 62.2464784164913 519
1662376462425 62.2464784164913 519
1662376463737 62.2464784164913 519
1662376465042 62.2464784164913 519
1662376466287 62.2464784164913 519
1662376467569 62.2464784164913 519
1662376468861 62.2464784164913 519
1662376470161 62.2464784164913 519
1662376471395 62.2464784164913 519
1662376472634 62.2464784164913 519
1662376473904 62.2464784164913 519
1662376475206 62.2464784164913 519
1662376476484 62.2464784164913 519
1662376477766 62.2464784164913 519
1662376479056 62.2464784164913 519
1662376480327 62.2464784164913 519
1662376481556 57.81629243167117 539
1662376482797 57.81629243167117 539
1662376484076 57.81629243167117 539
1662376485362 57.81629243167117 539
1662376486625 57.81629243167117 539
1662376487896 57.81629243167117 539
1662376489185 57.81629243167117 539
1662376490454 57.81629243167117 539
1662376491710 57.81629243167117 539
1662376492973 57.81629243167117 539
1662376494212 57.81629243167117 539
1662376495496 57.81629243167117 539
1662376496849 57.81629243167117 539
1662376498092 57.81629243167117 539
1662376499399 57.81629243167117 539
1662376500652 57.81629243167117 539
1662376501955 57.81629243167117 539
1662376503251 57.81629243167117 539
1662376504520 57.81629243167117 539
1662376505790 57.81629243167117 539
1662376507065 53.418725528754294 559
1662376508339 53.418725528754294 559
1662376509622 53.418725528754294 559
1662376510886 53.418725528754294 559
1662376512163 53.418725528754294 559
1662376513442 53.418725528754294 559
1662376514706 53.418725528754294 559
1662376515940 53.418725528754294 559
1662376517239 53.418725528754294 559
1662376518541 53.418725528754294 559
1662376519886 53.418725528754294 559
1662376521169 53.418725528754294 559
1662376522447 53.418725528754294 559
1662376523744 53.418725528754294 559
1662376525032 53.418725528754294 559
1662376526330 53.418725528754294 559
1662376527595 53.418725528754294 559
1662376528871 53.418725528754294 559
1662376530164 53.418725528754294 559
1662376531402 53.418725528754294 559
1662376532710 49.02740050223656 579
1662376534004 49.02740050223656 579
1662376535271 49.02740050223656 579
1662376536529 49.02740050223656 579
1662376537817 49.02740050223656 579
1662376539059 49.02740050223656 579
1662376540347 49.02740050223656 579
1662376541562 49.02740050223656 579
1662376542808 49.02740050223656 579
1662376544053 49.02740050223656 579
1662376545342 49.02740050223656 579
1662376546616 49.02740050223656 579
1662376547917 49.02740050223656 579
1662376549182 49.02740050223656 579
1662376550452 49.02740050223656 579
1662376551694 49.02740050223656 579
1662376552948 49.02740050223656 579
1662376554216 49.02740050223656 579
1662376555492 49.02740050223656 579
1662376556827 49.02740050223656 579
1662376558093 44.57657369785011 599
1662376559376 44.57657369785011 599
1662376560687 44.57657369785011 599
1662376561934 44.57657369785011 599
1662376563209 44.57657369785011 599
1662376564420 44.57657369785011 599
1662376565695 44.57657369785011 599
1662376566976 44.57657369785011 599
1662376568284 44.57657369785011 599
1662376569550 44.57657369785011 599
1662376570850 44.57657369785011 599
1662376572136 44.57657369785011 599
1662376573426 44.57657369785011 599
1662376574673 44.57657369785011 599
1662376575943 44.57657369785011 599
1662376577260 44.57657369785011 599
1662376578508 44.57657369785011 599
1662376579794 44.57657369785011 599
1662376581060 44.57657369785011 599
1662376582343 44.57657369785011 599
1662376583664 40.12347321258858 619
1662376584931 40.12347321258858 619
1662376586261 40.12347321258858 619
1662376587566 40.12347321258858 619
1662376588917 40.12347321258858 619
1662376590189 40.12347321258858 619
1662376591425 40.12347321258858 619
1662376592655 40.12347321258858 619
1662376593936 40.12347321258858 619
1662376595192 40.12347321258858 619
1662376596462 40.12347321258858 619
1662376597812 40.12347321258858 619
1662376599091 40.12347321258858 619
1662376600344 40.12347321258858 619
1662376601642 40.12347321258858 619
1662376602918 40.12347321258858 619
1662376604152 40.12347321258858 619
1662376605386 40.12347321258858 619
1662376606620 40.12347321258858 619
1662376607912 40.12347321258858 619
1662376609212 35.66530952230096 639
1662376610484 35.66530952230096 639
1662376611779 35.66530952230096 639
1662376613034 35.66530952230096 639
1662376614267 35.66530952230096 639
1662376615548 35.66530952230096 639
1662376616827 35.66530952230096 639
1662376618056 35.66530952230096 639
1662376619332 35.66530952230096 639
1662376620635 35.66530952230096 639
1662376621956 35.66530952230096 639
1662376623228 35.66530952230096 639
1662376624498 35.66530952230096 639
1662376625796 35.66530952230096 639
1662376627073 35.66530952230096 639
1662376628366 35.66530952230096 639
1662376629624 35.66530952230096 639
1662376630923 35.66530952230096 639
1662376632177 35.66530952230096 639
1662376633464 35.66530952230096 639
1662376634730 31.27063723630272 659
1662376635999 31.27063723630272 659
1662376637254 31.27063723630272 659
1662376638535 31.27063723630272 659
1662376639836 31.27063723630272 659
1662376641119 31.27063723630272 659
1662376642396 31.27063723630272 659
1662376643716 31.27063723630272 659
1662376644978 31.27063723630272 659
1662376646245 31.27063723630272 659
1662376647506 31.27063723630272 659
1662376648790 31.27063723630272 659
1662376650096 31.27063723630272 659
1662376651324 31.27063723630272 659
1662376652601 31.27063723630272 659
1662376653924 31.27063723630272 659
1662376655125 31.27063723630272 659
1662376656383 31.27063723630272 659
1662376657693 31.27063723630272 659
1662376659005 31.27063723630272 659
1662376660236 26.80340334540233 679
1662376661498 26.80340334540233 679
1662376662794 26.80340334540233 679
1662376664070 26.80340334540233 679
1662376665307 26.80340334540233 679
1662376666580 26.80340334540233 679
1662376667848 26.80340334540233 679
1662376669102 26.80340334540233 679
1662376670366 26.80340334540233 679
1662376671612 26.80340334540233 679
1662376672917 26.80340334540233 679
1662376674203 26.80340334540233 679
1662376675444 26.80340334540233 679
1662376676733 26.80340334540233 679
1662376677970 26.80340334540233 679
1662376679223 26.80340334540233 679
1662376680458 26.80340334540233 679
1662376681683 26.80340334540233 679
1662376682962 26.80340334540233 679
1662376684228 26.80340334540233 679
1662376685453 22.36610340187326 699
1662376686697 22.36610340187326 699
1662376687931 22.36610340187326 699
1662376689177 22.36610340187326 699
1662376690430 22.36610340187326 699
1662376691719 22.36610340187326 699
1662376693041 22.36610340187326 699
1662376694303 22.36610340187326 699
1662376695573 22.36610340187326 699
1662376696817 22.36610340187326 699
1662376698102 22.36610340187326 699
1662376699372 22.36610340187326 699
1662376700654 22.36610340187326 699
1662376701897 22.36610340187326 699
1662376703153 22.36610340187326 699
1662376704437 22.36610340187326 699
1662376705796 22.36610340187326 699
1662376707067 22.36610340187326 699
1662376708314 22.36610340187326 699
1662376709597 22.36610340187326 699
1662376710882 17.868935563601553 719
1662376712174 17.868935563601553 719
1662376713460 17.868935563601553 719
1662376714736 17.868935563601553 719
1662376716018 17.868935563601553 719
1662376717291 17.868935563601553 719
1662376718526 17.868935563601553 719
1662376719806 17.868935563601553 719
1662376721099 17.868935563601553 719
1662376722376 17.868935563601553 719
1662376723672 17.868935563601553 719
1662376724916 17.868935563601553 719
1662376726173 17.868935563601553 719
1662376727439 17.868935563601553 719
1662376728727 17.868935563601553 719
1662376729998 17.868935563601553 719
1662376731286 17.868935563601553 719
1662376732527 17.868935563601553 719
1662376733792 17.868935563601553 719
1662376735008 17.868935563601553 719
1662376736282 13.408307880163193 739
1662376737517 13.408307880163193 739
1662376738788 13.408307880163193 739
1662376740050 13.408307880163193 739
1662376741321 13.408307880163193 739
1662376742589 13.408307880163193 739
1662376743862 13.408307880163193 739
1662376745098 13.408307880163193 739
1662376746324 13.408307880163193 739
1662376747595 13.408307880163193 739
1662376748864 13.408307880163193 739
1662376750121 13.408307880163193 739
1662376751419 13.408307880163193 739
1662376752676 13.408307880163193 739
1662376753940 13.408307880163193 739
1662376755238 13.408307880163193 739
1662376756512 13.408307880163193 739
1662376757746 13.408307880163193 739
1662376759037 13.408307880163193 739
1662376760291 13.408307880163193 739
1662376761605 8.934467781800777 759
1662376762866 8.934467781800777 759
1662376764119 8.934467781800777 759
1662376765396 8.934467781800777 759
1662376766759 8.934467781800777 759
1662376768005 8.934467781800777 759
1662376769258 8.934467781800777 759
1662376770550 8.934467781800777 759
1662376771836 8.934467781800777 759
1662376773064 8.934467781800777 759
1662376774328 8.934467781800777 759
1662376775586 8.934467781800777 759
1662376776854 8.934467781800777 759
1662376778122 8.934467781800777 759
1662376779379 8.934467781800777 759
1662376780590 8.934467781800777 759
1662376781825 8.934467781800777 759
1662376783075 8.934467781800777 759
1662376784324 8.934467781800777 759
1662376785586 8.934467781800777 759
1662376786866 4.466818640939891 779
1662376788111 4.466818640939891 779
1662376789413 4.466818640939891 779
1662376790680 4.466818640939891 779
1662376791940 4.466818640939891 779
1662376793230 4.466818640939891 779
1662376794536 4.466818640939891 779
1662376795830 4.466818640939891 779
1662376797098 4.466818640939891 779
1662376798360 4.466818640939891 779
1662376799655 4.466818640939891 779
1662376800924 4.466818640939891 779
1662376802194 4.466818640939891 779
1662376803470 4.466818640939891 779
1662376804736 4.466818640939891 779
1662376805998 4.466818640939891 779
1662376807226 4.466818640939891 779
1662376808448 4.466818640939891 779
1662376809703 4.466818640939891 779
1662376810973 4.466818640939891 779
1662376811733 0.0 799
