1662375794581 0.0013420300092548132 0
1662375795784 0.00015064788749441504 1
1662375797162 0.0010799923911690712 2
1662375798420 0.006192650180310011 3
1662375799682 0.010662958957254887 4
1662375800896 0.00039229588583111763 5
1662375802135 0.0006289067678153515 6
1662375803406 0.0014212516834959388 7
1662375804673 0.0006702205282635987 8
1662375805925 0.00019873613200616091 9
1662375807171 0.0005831809248775244 10
1662375808418 0.0009381643612869084 11
1662375809673 0.0010723837185651064 12
1662375810960 0.0004336709971539676 13
1662375812180 0.0011450338643044233 14
1662375813405 0.0007267487817443907 15
1662375814658 0.0003053290129173547 16
1662375815889 0.017681464552879333 17
1662375817194 0.0011181581066921353 18
1662375818464 0.0011413792381063104 19
1662375819729 0.00026926951250061393 20
1662375821047 0.0008766371174715459 21
1662375822330 0.004091897048056126 22
1662375823571 0.003575903596356511 23
1662375824811 0.00041748545481823385 24
1662375826071 0.0006691269227303565 25
1662375827276 0.0008780065691098571 26
1662375828562 0.001849939813837409 27
1662375829819 0.0003880818549077958 28
1662375831074 0.001671824255026877 29
1662375832340 0.0002521984279155731 30
1662375833619 0.0004793865664396435 31
1662375834867 0.00030831433832645416 32
1662375836138 0.0002724335645325482 33
1662375837380 0.00032806614763103426 34
1662375838638 0.0006184024969115853 35
1662375839900 0.00038013909943401814 36
1662375841154 0.00015555345453321934 37
1662375842437 0.0006895849946886301 38
1662375843701 0.0009339576936326921 39
1662375845020 0.00012951945245731622 40
1662375846314 0.0015290873125195503 41
1662375847602 8.263757626991719e-05 42
1662375848881 0.00018730970623437315 43
1662375850122 0.0019786714110523462 44
1662375851421 0.000303920911392197 45
1662375852681 0.00038713388494215906 46
1662375853936 0.0035710236988961697 47
1662375855196 0.0011008430738002062 48
1662375856461 0.0007945121033117175 49
1662375857735 0.0010720235295593739 50
1662375859022 0.00037181065999902785 51
1662375860317 0.0014241550816223025 52
1662375861659 0.0008081780397333205 53
1662375862932 0.0007257361430674791 54
1662375864191 0.01090809516608715 55
1662375865484 0.000549216172657907 56
1662375866756 0.0010362364118918777 57
1662375868066 0.0003103619965258986 58
1662375869308 0.00010200824908679351 59
1662375870598 0.0014655322302132845 60
1662375871911 0.00234991661272943 61
1662375873290 0.00015400648408103734 62
1662375874562 0.0003183556837029755 63
1662375875817 0.0003129120741505176 64
1662375877096 0.0011663992190733552 65
1662375878337 0.0003202053776476532 66
1662375879611 0.00039589140214957297 67
1662375880903 0.0004181851982139051 68
1662375882167 0.0004492191947065294 69
1662375883455 0.0017553898505866528 70
1662375884724 0.0006566504016518593 71
1662375885956 0.0007917939801700413 72
1662375887234 0.0018553310073912144 73
1662375888493 0.0003339149698149413 74
1662375889766 0.0013182727852836251 75
1662375891049 0.00033469515619799495 76
1662375892303 0.0002642457257024944 77
1662375893550 0.00018868170445784926 78
1662375894833 0.000509224715642631 79
1662375896081 0.0100381625816226 80
1662375897434 0.0001220808771904558 81
1662375898734 0.004089283291250467 82
1662375899985 0.003506249049678445 83
1662375901291 0.0006440761499106884 84
1662375902571 0.0016856866423040628 85
1662375903849 0.00030157194123603404 86
1662375905115 0.0010466856183484197 87
1662375906406 0.0005452213226817548 88
1662375907668 0.00012227839033585042 89
1662375908938 0.0007294758688658476 90
1662375910208 0.0006480705342255533 91
1662375911503 0.00022241633269004524 92
1662375912769 0.00039563330938108265 93
1662375914047 0.00446425611153245 94
1662375915335 0.0005652452819049358 95
1662375916614 0.0004412428243085742 96
1662375917915 0.0003159256011713296 97
1662375919218 0.0009727578144520521 98
1662375920518 0.0026811198331415653 99
1662375921817 0.0006468867068178952 100
1662375923099 0.0030882128048688173 101
1662375924367 0.0008707097731530666 102
1662375925717 0.0007236142409965396 103
1662375927006 0.0003183856315445155 104
1662375928321 0.0003971757541876286 105
1662375929632 0.000178717658855021 106
1662375930916 0.0007062026998028159 107
1662375932263 0.00011172598169650882 108
1662375933548 0.0019893660210072994 109
1662375934812 0.00026912137400358915 110
1662375936095 0.0029235691763460636 111
1662375937386 0.0028880485333502293 112
1662375938645 0.0014381222426891327 113
1662375939915 0.0004231711500324309 114
1662375941225 0.00034473073901608586 115
1662375942491 0.001498352619819343 116
1662375943704 0.00025986359105445445 117
1662375944955 0.000418756011640653 118
1662375946260 0.000954755290877074 119
1662375947544 0.00022948466357775033 120
1662375948826 0.00022122236259747297 121
1662375950112 9.415177919436246e-05 122
1662375951405 0.0003019317227881402 123
1662375952646 0.0004999706870876253 124
1662375953959 0.00048812542809173465 125
1662375955208 0.001064587151631713 126
1662375956495 0.0005503501743078232 127
1662375957806 0.0005014046328142285 128
1662375959068 0.00037420709850266576 129
1662375960333 0.0017396841431036592 130
1662375961566 0.0005018571973778307 131
1662375962828 0.0032118253875523806 132
1662375964120 0.0019704417791217566 133
1662375965399 0.00040044847992248833 134
1662375966686 0.0002756718313321471 135
1662375967987 0.00041229507769457996 136
1662375969272 0.0031088409014046192 137
1662375970544 0.0003992743731942028 138
1662375971831 0.00029037389322184026 139
1662375973126 0.005174675956368446 140
1662375974405 0.0004050224379170686 141
1662375975681 0.0005690515390597284 142
1662375976964 0.0008412034949287772 143
1662375978215 0.006148241460323334 144
1662375979499 0.006419293582439423 145
1662375980729 0.000956247909925878 146
1662375982018 0.0001597729278728366 147
1662375983267 0.0009419838315807283 148
1662375984512 0.0006716999923810363 149
1662375985780 0.00014922341506462544 150
1662375987057 0.0001624745927983895 151
1662375988327 0.0011072774650529027 152
1662375989634 0.00044651562348008156 153
1662375990925 0.00024030311033129692 154
1662375992217 0.0004639854596462101 155
1662375993494 0.00044387736124917865 156
1662375994794 0.00020639333524741232 157
1662375996060 0.0005881758988834918 158
1662375997357 0.0001437555911252275 159
1662375998601 0.006100131664425135 160
1662375999862 0.0009256876073777676 161
1662376001106 0.003179556457325816 162
1662376002412 0.0005878435913473368 163
1662376003715 0.0010355059057474136 164
1662376004975 0.0004049027629662305 165
1662376006221 0.014065236784517765 166
1662376007480 0.00020970692276023328 167
1662376008757 0.005073217209428549 168
1662376010036 0.0004703198210336268 169
1662376011310 7.429644756484777e-05 170
1662376012638 0.0001569451269460842 171
1662376013938 0.006962507963180542 172
1662376015246 0.0008331554709002376 173
1662376016546 0.001851530745625496 174
1662376017797 9.299946395913139e-05 175
1662376019077 0.002081485465168953 176
1662376020349 0.00029684844776056707 177
1662376021630 0.0002570262586232275 178
1662376022920 0.002237707143649459 179
1662376024223 0.0002784417592920363 180
1662376025528 0.0005376429762691259 181
1662376026854 0.0014620443107560277 182
1662376028156 0.0013641436817124486 183
1662376029431 0.0004627802991308272 184
1662376030692 0.0006039608269929886 185
1662376032007 0.00032682414166629314 186
1662376033312 0.00020451188902370632 187
1662376034587 0.0006263880641199648 188
1662376035844 0.0008230450330302119 189
1662376037139 0.0002056524681393057 190
1662376038415 0.0006134944851510227 191
1662376039694 0.00038859478081576526 192
1662376040995 0.0003112483536824584 193
1662376042251 0.0003835415409412235 194
1662376043488 0.0017507033189758658 195
1662376044775 0.0001589776948094368 196
1662376046033 9.764422429725528e-05 197
1662376047302 0.014313955791294575 198
1662376048596 0.0003944992204196751 199
1662376049839 0.0019095693714916706 200
1662376051145 0.002611268311738968 201
1662376052449 0.0051395706832408905 202
1662376053678 0.0003458949504420161 203
1662376054959 0.0008809507125988603 204
1662376056239 0.0005522831343114376 205
1662376057509 0.0024177785962820053 206
1662376058754 0.004087715409696102 207
1662376060020 0.0014873769832774997 208
1662376061271 0.00023911021708045155 209
1662376062530 0.000325251545291394 210
1662376063815 0.0011114714434370399 211
1662376065106 0.00020704626513179392 212
1662376066364 0.000582762761041522 213
1662376067661 0.0003828388580586761 214
1662376068919 0.00040115314186550677 215
1662376070220 0.001519777812063694 216
1662376071479 0.0013547471025958657 217
1662376072722 0.0009591163834556937 218
1662376073988 0.0003049536026082933 219
1662376075258 0.002757446840405464 220
1662376076579 0.0006378463585861027 221
1662376077888 0.0003591757849790156 222
1662376079157 0.0005614219699054956 223
1662376080447 0.0005121937720105052 224
1662376081714 0.0007607498555444181 225
1662376083002 0.005611737258732319 226
1662376084281 0.002754765562713146 227
1662376085538 0.0005378726054914296 228
1662376086802 0.0013844186905771494 229
1662376088125 0.004064472392201424 230
1662376089399 0.0013139959191903472 231
1662376090668 0.0004344795015640557 232
1662376091944 0.0004926496185362339 233
1662376093228 0.0007104038959369063 234
1662376094463 0.00022684923897031695 235
1662376095737 0.00027576994034461677 236
1662376097011 0.0001506972184870392 237
1662376098250 0.0007603606791235507 238
1662376099564 0.0007313880487345159 239
1662376100814 0.003002163954079151 240
1662376102083 0.0057916054502129555 241
1662376103345 0.0015666171675547957 242
1662376104577 0.00012906218762509525 243
1662376105839 0.0031001996248960495 244
1662376107113 0.0007640344556421041 245
1662376108393 0.0005036994116380811 246
1662376109683 0.0003816275275312364 247
1662376110905 0.0005932027706876397 248
1662376112200 0.000393121677916497 249
1662376113508 0.00024593144189566374 250
1662376114767 0.00012737179349642247 251
1662376116021 0.0020451536402106285 252
1662376117283 0.0004271792131476104 253
1662376118569 0.000648974091745913 254
1662376119880 0.0046091568656265736 255
1662376121122 0.0005513953510671854 256
1662376122399 0.00048130046343430877 257
1662376123688 0.0013125117402523756 258
1662376124950 0.0004324046312831342 259
1662376126187 0.0023108837194740772 260
1662376127438 0.0010111433221027255 261
1662376128715 0.0013092337176203728 262
1662376129938 0.00130870018620044 263
1662376131173 0.0005183218163438141 264
1662376132437 0.0002917076926678419 265
1662376133702 0.001581906690262258 266
1662376134953 0.00046750379260629416 267
1662376136234 0.0009744634735397995 268
1662376137520 0.005010977387428284 269
1662376138790 0.0006218025228008628 270
1662376140057 0.00039109092904254794 271
1662376141333 0.0031327384058386087 272
1662376142614 0.0005953977815806866 273
1662376143843 0.00017618300626054406 274
1662376145148 0.0007331137894652784 275
1662376146449 0.0003155333979520947 276
1662376147725 0.0013896693708375096 277
1662376149009 0.0004848022072110325 278
1662376150298 0.001406876021064818 279
1662376151570 0.0004037608450744301 280
1662376152883 0.0011209503281861544 281
1662376154106 0.00010837345325853676 282
1662376155387 0.00018675289175007492 283
1662376156663 0.0006210454739630222 284
1662376157943 0.00019330100622028112 285
1662376159203 0.004045295994728804 286
1662376160496 0.0076984078623354435 287
1662376161753 0.0006896828999742866 288
1662376163054 0.00013829291856382042 289
1662376164327 0.00015469599748030305 290
1662376165627 0.0002841459936462343 291
1662376166880 0.004659948870539665 292
1662376168165 0.0003806661406997591 293
1662376169456 0.00028919757460244 294
1662376170761 0.0005090783815830946 295
1662376172066 0.017297964543104172 296
1662376173333 0.0004174830100964755 297
1662376174592 0.0005008506705053151 298
1662376175937 0.00016240212426055223 299
1662376177186 0.0041733840480446815 300
1662376178482 0.0019161326345056295 301
1662376179781 0.00025605817791074514 302
1662376181030 9.570967085892335e-05 303
1662376182268 0.0006339154206216335 304
1662376183540 0.0003881082229781896 305
1662376184804 0.0004146821447648108 306
1662376186074 0.00021755002671852708 307
1662376187383 0.0029308011289685965 308
1662376188653 0.0008481315453536808 309
1662376189925 0.0028687207959592342 310
1662376191173 0.00013800043961964548 311
1662376192436 0.0010107740527018905 312
1662376193738 0.00019994418835267425 313
1662376195025 0.004908909555524588 314
1662376196339 0.0008726870291866362 315
1662376197605 0.015848275274038315 316
1662376198841 0.0004639015533030033 317
1662376200140 0.00019883396453224123 318
1662376201421 0.002261742716655135 319
1662376202697 0.0008736454765312374 320
1662376204002 0.00020523625425994396 321
1662376205264 0.0007613113266415894 322
1662376206628 0.0010095740435644984 323
1662376207939 4.524371979641728e-05 324
1662376209200 0.0005283734062686563 325
1662376210501 0.0002908977912738919 326
1662376211748 0.00035993562778458 327
1662376213005 0.0004098583885934204 328
1662376214265 0.003433088306337595 329
1662376215566 0.0002799168578349054 330
1662376216820 0.0003508632362354547 331
1662376218087 0.005569494795054197 332
1662376219342 0.0034641639795154333 333
1662376220607 0.00015216799511108547 334
1662376221903 0.00014228808868210763 335
1662376223233 0.005606238730251789 336
1662376224521 0.0016708020120859146 337
1662376225784 0.004280100576579571 338
1662376227043 0.0024800358805805445 339
1662376228327 0.004532400984317064 340
1662376229594 0.0005623737815767527 341
1662376230914 0.00021307087445165962 342
1662376232198 0.0029989660251885653 343
1662376233512 0.0003434155078139156 344
1662376234789 0.0006658101337961853 345
1662376236036 0.00011604135215748101 346
1662376237293 0.000866282032802701 347
1662376238610 0.0016371563542634249 348
1662376239903 0.0008267335360869765 349
1662376241183 0.00025152109446935356 350
1662376242445 0.00079859618563205 351
1662376243724 5.2532275731209666e-05 352
1662376244985 0.0001732987439027056 353
1662376246271 0.00013854580174665898 354
1662376247554 7.743349124211818e-05 355
1662376248835 0.0006229510763660073 356
1662376250117 0.00012631624122150242 357
1662376251353 0.0010595483472570777 358
1662376252637 0.0023048839066177607 359
1662376253910 0.0004128552391193807 360
1662376255166 0.0014231344684958458 361
1662376256461 0.003210395108908415 362
1662376257760 0.0011253183474764228 363
1662376259045 0.0003461340384092182 364
1662376260309 0.0006751312757842243 365
1662376261622 0.0023831073194742203 366
1662376262926 0.000351927534211427 367
1662376264227 0.00018586020451039076 368
1662376265489 0.0007734017563052475 369
1662376266763 0.0002149019856005907 370
1662376268031 0.0008289680117741227 371
1662376269284 0.02689940854907036 372
1662376270545 0.014584963209927082 373
1662376271785 0.0014139615232124925 374
1662376273080 0.0008442110265605152 375
1662376274376 0.00018008332699537277 376
1662376275649 0.000189040758414194 377
1662376276928 0.0006959220045246184 378
1662376278193 0.0006456099799834192 379
1662376279467 0.001057663932442665 380
1662376280716 8.987278852146119e-05 381
1662376282037 0.0001742702443152666 382
1662376283323 0.00043779812403954566 383
1662376284590 0.0005984817398712039 384
1662376285898 9.214619785780087e-05 385
1662376287179 0.0001204431100632064 386
1662376288418 0.003744905348867178 387
1662376289704 0.00046297116205096245 388
1662376291010 0.0006483756005764008 389
1662376292281 0.00026775815058499575 390
1662376293533 0.0011195227270945907 391
1662376294757 0.0011260892497375607 392
1662376296000 0.003782484447583556 393
1662376297271 0.00033904463634826243 394
1662376298527 0.00015688945131842047 395
1662376299791 9.666810365160927e-05 396
1662376301070 0.00024968647630885243 397
1662376302322 0.0002784248208627105 398
1662376303632 0.0005860906676389277 399
1662376304889 0.0002305039088241756 400
1662376306171 0.00024535541888326406 401
1662376307491 0.0003787109744735062 402
1662376308815 0.0001576927024871111 403
1662376310071 0.0005875995848327875 404
1662376311350 0.0010645370930433273 405
1662376312634 0.0029424219392240047 406
1662376313931 0.0004995989729650319 407
1662376315179 0.0008726043743081391 408
1662376316476 0.0012479445431381464 409
1662376317762 0.0005952303763478994 410
1662376319057 0.0017954702489078045 411
1662376320345 0.0004205026780255139 412
1662376321606 0.014824004843831062 413
1662376322876 0.0015371725894510746 414
1662376324132 0.0006151998532004654 415
1662376325370 0.0008438407094217837 416
1662376326668 0.00018965979688800871 417
1662376327901 0.004655442200601101 418
1662376329148 0.00018839356198441237 419
1662376330389 0.0004619720857590437 420
1662376331670 0.004309793934226036 421
1662376332935 0.0006259038345888257 422
1662376334178 0.0002063049323624 423
1662376335460 0.0008187874336726964 424
1662376336748 0.0006253761239349842 425
1662376338025 0.00037953705759719014 426
1662376339270 0.00033825208083726466 427
1662376340504 0.00015538933803327382 428
1662376341793 0.00020754249999299645 429
1662376343054 0.00017223559552803636 430
1662376344309 0.00022277589596342295 431
1662376345576 0.0007227601017802954 432
1662376346791 0.002550187287852168 433
1662376348033 0.00011141221330035478 434
1662376349252 0.0017372678266838193 435
1662376350514 0.0004609987954609096 436
1662376351764 0.0031775981187820435 437
1662376353067 0.009203404188156128 438
1662376354298 0.00042947535985149443 439
1662376355574 0.0006026907940395176 440
1662376356867 0.000397537398384884 441
1662376358125 0.0002679058816283941 442
1662376359434 0.0001725970214465633 443
1662376360688 0.00014045884017832577 444
1662376361939 0.00012251464067958295 445
1662376363202 0.0008109253831207752 446
1662376364483 0.0003240265650674701 447
1662376365762 0.01079750806093216 448
1662376367036 0.00027234284789301455 449
1662376368273 0.00024305368424393237 450
1662376369530 0.0007170035969465971 451
1662376370779 0.007047283463180065 452
1662376372068 0.0001559806551085785 453
1662376373325 0.0003682638634927571 454
1662376374578 0.0007265919703058898 455
1662376375845 0.00046971358824521303 456
1662376377139 0.001891008927486837 457
1662376378457 0.0013425220968201756 458
1662376379836 0.0003904819895979017 459
1662376381145 0.0033605569042265415 460
1662376382487 0.0005376779590733349 461
1662376383703 0.0011272919364273548 462
1662376384976 8.302171772811562e-05 463
1662376386254 0.0009585252846591175 464
1662376387614 0.0022648093290627003 465
1662376388903 0.0014786822721362114 466
1662376390203 0.0002174322580685839 467
1662376391478 0.0006319582462310791 468
1662376392742 0.0004288244526833296 469
1662376394027 0.0026898947544395924 470
1662376395325 0.0002096354146488011 471
1662376396597 0.00015655005699954927 472
1662376397869 0.0006276573403738439 473
1662376399098 0.0006725637358613312 474
1662376400383 0.0005070512415841222 475
1662376401728 0.0005115742678754032 476
1662376402992 0.0004252530343364924 477
1662376404245 0.00025378470309078693 478
1662376405515 0.0004854386788792908 479
1662376406789 0.0002470220788381994 480
1662376408063 0.0012552781263366342 481
1662376409312 0.00036586628993973136 482
1662376410580 9.451241203350946e-05 483
1662376411847 0.00036080312565900385 484
1662376413141 0.0005143375019542873 485
1662376414395 0.0029096151702106 486
1662376415637 0.00012387969763949513 487
1662376416889 0.00019313256780151278 488
1662376418167 0.012087628245353699 489
1662376419425 0.0002697652380447835 490
1662376420710 0.004708942025899887 491
1662376421913 0.0004350344242993742 492
1662376423198 0.001074895029887557 493
1662376424446 0.0005099305417388678 494
1662376425797 0.0007967569399625063 495
1662376427056 0.001058378373272717 496
1662376428269 0.0002178064314648509 497
1662376429545 0.0005045983707532287 498
1662376430801 8.686741057317704e-05 499
1662376432017 0.00031773612136021256 500
1662376433284 0.0012718287762254477 501
1662376434524 0.00020087751909159124 502
1662376435785 0.0003394679806660861 503
1662376437047 0.0002681482001207769 504
1662376438329 0.005157065112143755 505
1662376439594 0.00044455990428104997 506
1662376440870 0.002670404501259327 507
1662376442149 0.00042222655611112714 508
1662376443399 0.00011234312842134386 509
1662376444640 0.0005221571773290634 510
1662376445902 0.0008838659268803895 511
1662376447115 0.0004015246231574565 512
1662376448382 0.0001613106142031029 513
1662376449704 0.00041468546260148287 514
1662376450983 0.0018257452175021172 515
1662376452267 0.0004449932021088898 516
1662376453498 0.0015336795477196574 517
1662376454736 0.00016383732145186514 518
1662376456012 0.00018047406047116965 519
1662376457338 0.0008098876569420099 520
1662376458635 0.0002594578836578876 521
1662376459879 0.00013873584975954145 522
1662376461153 0.0008613306563347578 523
1662376462415 0.0001396856823703274 524
1662376463726 0.000423216464696452 525
1662376465031 0.0037469160743057728 526
1662376466276 0.0005757968756370246 527
1662376467559 0.0009369549807161093 528
1662376468849 0.0012347933370620012 529
1662376470150 0.0010758982971310616 530
1662376471387 0.00040028957300819457 531
1662376472623 0.00033958611311390996 532
1662376473893 7.937637565191835e-05 533
1662376475194 0.00451794546097517 534
1662376476473 0.00199951883405447 535
1662376477755 0.00022572919260710478 536
1662376479046 0.000949936278630048 537
1662376480317 0.0004013003781437874 538
1662376481547 0.0005331334541551769 539
1662376482786 0.00024569177185185254 540
1662376484068 0.0003110789693892002 541
1662376485354 0.005366782192140818 542
1662376486614 0.0006664697430096567 543
1662376487887 0.00024302802921738476 544
1662376489175 0.0007048588013276458 545
1662376490443 0.000781858223490417 546
1662376491702 0.006950426381081343 547
1662376492962 0.0038090688176453114 548
1662376494202 0.000501364644151181 549
1662376495486 0.0003026995400432497 550
1662376496838 9.815924568101764e-05 551
1662376498084 0.0010145189007744193 552
1662376499389 0.0004167213919572532 553
1662376500641 0.0002969945198856294 554
1662376501945 0.0005557557451538742 555
1662376503241 0.0002333657757844776 556
1662376504511 0.0005569276981987059 557
1662376505780 0.004414760507643223 558
1662376507056 0.013960572890937328 559
1662376508327 0.00017541556735523045 560
1662376509614 0.00030668737599626184 561
1662376510876 0.0005075749359093606 562
1662376512153 0.002414719434455037 563
1662376513431 0.0002794516913127154 564
1662376514696 0.00034017692087218165 565
1662376515932 0.0057630087248981 566
1662376517228 0.005099746398627758 567
1662376518529 0.0001195288059534505 568
1662376519878 0.00417404156178236 569
1662376521159 0.0009614923037588596 570
1662376522439 0.006630828604102135 571
1662376523736 0.0003931550891138613 572
1662376525022 0.0009736458887346089 573
1662376526319 9.050476364791393e-05 574
1662376527585 0.000512662751134485 575
1662376528862 0.0010176138021051884 576
1662376530154 0.0013542756205424666 577
1662376531394 0.00025144958635792136 578
1662376532697 0.0010413597337901592 579
1662376533996 0.0004427681560628116 580
1662376535263 0.0011213497491553426 581
1662376536521 0.0003094838175456971 582
1662376537806 0.0005887617007829249 583
1662376539051 0.00017862513777799904 584
1662376540336 0.0012971461983397603 585
1662376541552 0.005190412979573011 586
1662376542798 0.00019950421119574457 587
1662376544042 0.00017957603267859668 588
1662376545334 7.953557360451669e-05 589
1662376546605 0.00025569781428202987 590
1662376547906 0.000974235706962645 591
1662376549171 0.000156037334818393 592
1662376550443 0.0021294543985277414 593
1662376551685 0.0003432664379943162 594
1662376552939 0.00010641622066032141 595
1662376554205 0.004119964316487312 596
1662376555480 0.0006812679930590093 597
1662376556816 0.00034274731297045946 598
1662376558082 0.0001251311769010499 599
1662376559365 0.0007780735613778234 600
1662376560676 0.0022310467902570963 601
1662376561924 0.0005952054634690285 602
1662376563201 0.0004078662605024874 603
1662376564412 0.0017207323107868433 604
1662376565687 0.00040636269841343164 605
1662376566968 0.00020475454221013933 606
1662376568273 0.00020557847165036947 607
1662376569539 0.0003199141938239336 608
1662376570839 0.002422395395115018 609
1662376572125 0.0002473627682775259 610
1662376573417 0.00077602150849998 611
1662376574664 0.0005817004712298512 612
1662376575932 0.0005514671211130917 613
1662376577250 0.00105506822001189 614
1662376578497 0.0005419892258942127 615
1662376579784 0.00498330919072032 616
1662376581049 0.00016267434693872929 617
1662376582335 0.00022179176448844373 618
1662376583651 0.00019628308655228466 619
1662376584920 0.0058771101757884026 620
1662376586250 0.0002900253457482904 621
1662376587556 0.0004811069229617715 622
1662376588906 7.3954404797405e-05 623
1662376590178 0.00031579285860061646 624
1662376591414 0.00033349706791341305 625
1662376592647 0.0007116335909813643 626
1662376593925 0.0011574861127883196 627
1662376595181 0.0002350477734580636 628
1662376596451 0.0003732135519385338 629
1662376597802 0.002058181446045637 630
1662376599079 0.0003137419989798218 631
1662376600333 0.00039893994107842445 632
1662376601631 0.0009559281170368195 633
1662376602907 0.00047696626279503107 634
1662376604141 0.00020127970492467284 635
1662376605378 0.005544691346585751 636
1662376606609 0.001354838372208178 637
1662376607901 0.0005891316686756909 638
1662376609200 0.0007200258551165462 639
1662376610473 0.0011948960600420833 640
1662376611768 0.0013945908285677433 641
1662376613026 0.00028647592989727855 642
1662376614256 0.0014277693117037416 643
1662376615539 0.00032499327789992094 644
1662376616817 0.0005677412846125662 645
1662376618046 0.0003061109746340662 646
1662376619321 0.0031864133197814226 647
1662376620625 0.001909866463392973 648
1662376621945 0.0006957603036426008 649
1662376623217 0.001186178531497717 650
1662376624490 0.00020440151274669915 651
1662376625784 0.0007120233494788408 652
1662376627062 0.0005805554683320224 653
1662376628356 0.004280623514205217 654
1662376629614 9.695141488919035e-05 655
1662376630913 0.0005701816407963634 656
1662376632169 0.0007899976917542517 657
1662376633453 0.0003953058912884444 658
1662376634717 0.000328640453517437 659
1662376635991 0.0003099520690739155 660
1662376637243 0.00020951987244188786 661
1662376638525 0.0004792642139364034 662
1662376639825 0.0021428565960377455 663
1662376641108 0.00028154230676591396 664
1662376642386 0.0003584829391911626 665
1662376643705 0.0005015450879000127 666
1662376644968 0.0001663410075707361 667
1662376646236 0.00026007488486357033 668
1662376647495 0.000129428954096511 669
1662376648782 0.0033831987529993057 670
1662376650086 0.0005976749234832823 671
1662376651315 0.00015409836487378925 672
1662376652590 0.00023877932108007371 673
1662376653916 7.426286902045831e-05 674
1662376655117 0.00022059050388634205 675
1662376656373 0.00017418782226741314 676
1662376657682 0.0007142696995288134 677
1662376658993 0.00140671047847718 678
1662376660227 0.0009961402975022793 679
1662376661487 0.0008695490541867912 680
1662376662783 0.00017747157835401595 681
1662376664059 0.0001477252517361194 682
1662376665299 0.0007955606561154127 683
1662376666570 0.011171995662152767 684
1662376667837 0.0002132736990461126 685
1662376669092 0.001676684245467186 686
1662376670355 0.00043198230559937656 687
1662376671601 0.0009764172718860209 688
1662376672907 0.0009024472092278302 689
1662376674195 0.0006730676395818591 690
1662376675436 0.005698681343346834 691
1662376676722 0.004887839313596487 692
1662376677960 0.013676971197128296 693
1662376679212 0.00018173355783801526 694
1662376680447 0.000565946800634265 695
1662376681673 2.6654057364794426e-05 696
1662376682955 0.0005459465319290757 697
1662376684216 0.0014955699443817139 698
1662376685441 0.00041129221790470183 699
1662376686687 0.00031983829103410244 700
1662376687921 0.0004421094199642539 701
1662376689166 0.000443958502728492 702
1662376690419 0.0005649781669490039 703
1662376691708 0.000592032156419009 704
1662376693030 0.0004556912463158369 705
1662376694295 0.0005152599769644439 706
1662376695562 0.0002632064279168844 707
1662376696809 0.0003231195732951164 708
1662376698091 0.00016485837113577873 709
1662376699361 0.0011760889319702983 710
1662376700643 0.00627301586791873 711
1662376701889 0.003958113491535187 712
1662376703142 0.0002801538212224841 713
1662376704426 5.518326361197978e-05 714
1662376705784 0.0005355327157303691 715
1662376707058 0.00015325401909649372 716
1662376708303 0.0006556614534929395 717
1662376709589 0.0003159546758979559 718
1662376710871 0.00012717634672299027 719
1662376712163 0.0009280549129471183 720
1662376713450 0.00837073102593422 721
1662376714725 0.00011179852299392223 722
1662376716006 0.009210717864334583 723
1662376717283 0.0002611082454677671 724
1662376718519 0.0002486612356733531 725
1662376719795 0.00019072504073847085 726
1662376721089 6.52371090836823e-05 727
1662376722365 0.00020117264648433775 728
1662376723661 0.00999770313501358 729
1662376724906 6.025853144819848e-05 730
1662376726163 0.002979731187224388 731
1662376727430 0.00018463704327587038 732
1662376728717 0.011621932499110699 733
1662376729988 0.005226634442806244 734
1662376731275 0.0002586195187177509 735
1662376732519 0.0003348932368680835 736
1662376733784 0.0005156237166374922 737
1662376734998 0.0003763243730645627 738
1662376736274 0.00039662671042606235 739
1662376737506 0.00025991591974161565 740
1662376738779 0.0010795129928737879 741
1662376740039 0.00016443371714558452 742
1662376741313 0.0005998099804855883 743
1662376742581 0.00012844290176872164 744
1662376743851 0.0006472686072811484 745
1662376745090 0.00027801081887446344 746
1662376746314 0.00069671735400334 747
1662376747587 0.0006452040979638696 748
1662376748856 9.526226494926959e-05 749
1662376750112 0.00019590808369684964 750
1662376751409 0.0007932389271445572 751
1662376752666 0.00022704423463437706 752
1662376753929 0.00030937386327423155 753
1662376755227 0.00011244037887081504 754
1662376756501 0.0028322110883891582 755
1662376757737 0.00230449833907187 756
1662376759025 0.0018906000768765807 757
1662376760283 2.824829425662756e-05 758
1662376761594 0.005028589628636837 759
1662376762855 0.00032764149364084005 760
1662376764111 0.0012171755079180002 761
1662376765385 0.0009695495245978236 762
1662376766748 0.009020950645208359 763
1662376767994 0.0002653386618476361 764
1662376769247 0.00023704112390987575 765
1662376770539 0.0003564467479009181 766
1662376771825 0.00010585432755760849 767
1662376773056 0.0012049723882228136 768
1662376774320 0.004087249748408794 769
1662376775576 0.0003213573363609612 770
1662376776845 0.0005154450191184878 771
1662376778114 0.00026664166944101453 772
1662376779371 0.0002643937768880278 773
1662376780582 0.0005573197267949581 774
1662376781817 0.00090783805353567 775
1662376783065 0.0009410507045686245 776
1662376784314 0.005897484719753265 777
1662376785576 0.0007219378021545708 778
1662376786858 0.00020875954942312092 779
1662376788103 0.005416284780949354 780
1662376789401 0.010802499018609524 781
1662376790672 0.0008205524063669145 782
1662376791929 0.0006086167995817959 783
1662376793219 8.847213757690042e-05 784
1662376794525 3.368050965946168e-05 785
1662376795819 0.0025589847937226295 786
1662376797090 0.00039984859176911414 787
1662376798349 0.0002451033506076783 788
1662376799644 0.0004589137388393283 789
1662376800913 0.00028060327167622745 790
1662376802183 0.00032161030685529113 791
1662376803459 0.00030973978573456407 792
1662376804726 0.0002823172544594854 793
1662376805990 0.001173447584733367 794
1662376807216 0.0002000289678107947 795
1662376808440 0.005236370489001274 796
1662376809692 0.006391524337232113 797
1662376810961 5.145017712493427e-05 798
1662376811716 0.0025551223661750555 799
