1662375794580 0.05933501198887825 0
1662375795784 0.03795451298356056 1
1662375797162 0.10378269106149673 2
1662375798419 0.0824619010090828 3
1662375799681 0.05343126133084297 4
1662375800895 0.049279600381851196 5
1662375802134 0.09561385959386826 6
1662375803405 0.06937979906797409 7
1662375804672 0.05296618491411209 8
1662375805924 0.0521974042057991 9
1662375807170 0.0627814531326294 10
1662375808417 0.06337832659482956 11
1662375809672 0.053789522498846054 12
1662375810959 0.060308441519737244 13
1662375812180 0.04524225741624832 14
1662375813405 0.05533512309193611 15
1662375814658 0.0565032996237278 16
1662375815888 0.0746304914355278 17
1662375817193 0.04466700926423073 18
1662375818463 0.03809002786874771 19
1662375819729 0.05737034231424332 20
1662375821047 0.050239093601703644 21
1662375822330 0.082036092877388 22
1662375823570 0.06715568900108337 23
1662375824810 0.03421784192323685 24
1662375826071 0.07053222507238388 25
1662375827276 0.04384351521730423 26
1662375828561 0.06743938475847244 27
1662375829818 0.06932663917541504 28
1662375831074 0.06311788409948349 29
1662375832340 0.033108074218034744 30
1662375833619 0.053731322288513184 31
1662375834866 0.05842242389917374 32
1662375836137 0.04283875599503517 33
1662375837380 0.10735515505075455 34
1662375838637 0.07245776802301407 35
1662375839899 0.049711182713508606 36
1662375841153 0.037774354219436646 37
1662375842436 0.06649716943502426 38
1662375843700 0.051584549248218536 39
1662375845019 0.05647006630897522 40
1662375846313 0.09376963973045349 41
1662375847601 0.03814998269081116 42
1662375848881 0.05424293875694275 43
1662375850121 0.06650368869304657 44
1662375851420 0.033710673451423645 45
1662375852680 0.05691808834671974 46
1662375853936 0.06527557224035263 47
1662375855195 0.07170367240905762 48
1662375856461 0.06993906199932098 49
1662375857734 0.05477317422628403 50
1662375859021 0.03396802023053169 51
1662375860317 0.0597146674990654 52
1662375861658 0.061525970697402954 53
1662375862931 0.05573714151978493 54
1662375864190 0.07826276123523712 55
1662375865483 0.03816429153084755 56
1662375866755 0.07346788793802261 57
1662375868066 0.0877881646156311 58
1662375869308 0.033239204436540604 59
1662375870598 0.05117649957537651 60
1662375871910 0.08387216925621033 61
1662375873290 0.05237369239330292 62
1662375874561 0.04687824100255966 63
1662375875817 0.039164092391729355 64
1662375877095 0.04772797226905823 65
1662375878337 0.03199257329106331 66
1662375879610 0.039422545582056046 67
1662375880902 0.04498937353491783 68
1662375882167 0.061042770743370056 69
1662375883454 0.07582756876945496 70
1662375884723 0.0609564483165741 71
1662375885956 0.046706799417734146 72
1662375887233 0.07553822547197342 73
1662375888492 0.06262168288230896 74
1662375889765 0.04988303408026695 75
1662375891049 0.04515940696001053 76
1662375892302 0.053624317049980164 77
1662375893550 0.037721309810876846 78
1662375894832 0.0788549929857254 79
1662375896080 0.09767696261405945 80
1662375897433 0.03707456216216087 81
1662375898734 0.10859005898237228 82
1662375899984 0.13267868757247925 83
1662375901290 0.05227482318878174 84
1662375902570 0.08192524313926697 85
1662375903849 0.04176678508520126 86
1662375905114 0.047177404165267944 87
1662375906406 0.05548553168773651 88
1662375907667 0.05466533079743385 89
1662375908937 0.12321532517671585 90
1662375910208 0.07950164377689362 91
1662375911502 0.03201766684651375 92
1662375912768 0.038779497146606445 93
1662375914047 0.08326442539691925 94
1662375915334 0.05846235156059265 95
1662375916614 0.05155535787343979 96
1662375917915 0.036021359264850616 97
1662375919217 0.036500245332717896 98
1662375920518 0.062196068465709686 99
1662375921816 0.041804321110248566 100
1662375923098 0.08050331473350525 101
1662375924366 0.06373829394578934 102
1662375925717 0.04089779034256935 103
1662375927005 0.1311863660812378 104
1662375928321 0.04284175485372543 105
1662375929632 0.03580087795853615 106
1662375930916 0.04643217474222183 107
1662375932263 0.036636143922805786 108
1662375933547 0.0567190982401371 109
1662375934811 0.043474700301885605 110
1662375936094 0.037703000009059906 111
1662375937386 0.09624112397432327 112
1662375938645 0.06360181421041489 113
1662375939915 0.056683339178562164 114
1662375941224 0.03727205470204353 115
1662375942491 0.09008337557315826 116
1662375943704 0.04601173475384712 117
1662375944955 0.06735851615667343 118
1662375946260 0.07364916056394577 119
1662375947543 0.06923238188028336 120
1662375948825 0.03531518951058388 121
1662375950111 0.028975674882531166 122
1662375951404 0.05212238430976868 123
1662375952645 0.0599764809012413 124
1662375953958 0.047560904175043106 125
1662375955208 0.04165946692228317 126
1662375956495 0.0373881496489048 127
1662375957805 0.048968371003866196 128
1662375959067 0.04113020375370979 129
1662375960333 0.05160259082913399 130
1662375961566 0.05195394158363342 131
1662375962827 0.0815836489200592 132
1662375964119 0.036748360842466354 133
1662375965399 0.04897695034742355 134
1662375966686 0.07287827879190445 135
1662375967986 0.09996159374713898 136
1662375969271 0.10473616421222687 137
1662375970543 0.041444774717092514 138
1662375971830 0.03503014147281647 139
1662375973125 0.04231281206011772 140
1662375974405 0.037525296211242676 141
1662375975680 0.034755632281303406 142
1662375976964 0.05515057593584061 143
1662375978214 0.0852862149477005 144
1662375979498 0.13209980726242065 145
1662375980728 0.0647149607539177 146
1662375982018 0.04324885085225105 147
1662375983266 0.04313872009515762 148
1662375984511 0.12616261839866638 149
1662375985779 0.03224429860711098 150
1662375987057 0.043225888162851334 151
1662375988326 0.08881473541259766 152
1662375989633 0.037683919072151184 153
1662375990924 0.0374133363366127 154
1662375992216 0.054730162024497986 155
1662375993493 0.05106709897518158 156
1662375994794 0.03581704571843147 157
1662375996060 0.050503209233284 158
1662375997356 0.056611932814121246 159
1662375998601 0.051479533314704895 160
1662375999861 0.05219219997525215 161
1662376001105 0.11575712263584137 162
1662376002411 0.04749346151947975 163
1662376003714 0.09418706595897675 164
1662376004974 0.03645249456167221 165
1662376006220 0.07929573953151703 166
1662376007480 0.03673776611685753 167
1662376008756 0.062212202697992325 168
1662376010035 0.058714233338832855 169
1662376011309 0.04262072592973709 170
1662376012637 0.040410809218883514 171
1662376013937 0.06795944273471832 172
1662376015246 0.05526204779744148 173
1662376016545 0.06444410979747772 174
1662376017796 0.030863232910633087 175
1662376019076 0.09981587529182434 176
1662376020348 0.037037335336208344 177
1662376021629 0.026496723294258118 178
1662376022919 0.05878101661801338 179
1662376024222 0.03715241327881813 180
1662376025527 0.053412795066833496 181
1662376026853 0.07636979222297668 182
1662376028156 0.04680893197655678 183
1662376029430 0.06802022457122803 184
1662376030691 0.061465125530958176 185
1662376032006 0.045616358518600464 186
1662376033312 0.030631182715296745 187
1662376034586 0.07173988968133926 188
1662376035843 0.048636216670274734 189
1662376037139 0.042986366897821426 190
1662376038414 0.043094608932733536 191
1662376039694 0.03306933119893074 192
1662376040995 0.0382145419716835 193
1662376042250 0.16959016025066376 194
1662376043487 0.08601804822683334 195
1662376044774 0.05631332844495773 196
1662376046033 0.030837295576930046 197
1662376047302 0.06930746883153915 198
1662376048595 0.18822389841079712 199
1662376049838 0.0563480444252491 200
1662376051144 0.11834965646266937 201
1662376052448 0.038426175713539124 202
1662376053677 0.07313390076160431 203
1662376054958 0.05845118314027786 204
1662376056239 0.10762323439121246 205
1662376057508 0.050028759986162186 206
1662376058753 0.03101252019405365 207
1662376060019 0.10153799504041672 208
1662376061270 0.04989102482795715 209
1662376062529 0.03631245344877243 210
1662376063815 0.04870985448360443 211
1662376065106 0.03604254126548767 212
1662376066363 0.046786073595285416 213
1662376067660 0.04427013173699379 214
1662376068919 0.11420636624097824 215
1662376070219 0.059475768357515335 216
1662376071478 0.07755459100008011 217
1662376072721 0.05003844201564789 218
1662376073988 0.03582173213362694 219
1662376075257 0.08717119693756104 220
1662376076579 0.058045644313097 221
1662376077887 0.046332959085702896 222
1662376079156 0.07578663527965546 223
1662376080446 0.04321008548140526 224
1662376081713 0.049297068268060684 225
1662376083001 0.04510372877120972 226
1662376084280 0.07371924072504044 227
1662376085537 0.06245092675089836 228
1662376086801 0.06790193915367126 229
1662376088125 0.11120001971721649 230
1662376089398 0.03516320884227753 231
1662376090667 0.0423707440495491 232
1662376091943 0.04183267802000046 233
1662376093228 0.06536225974559784 234
1662376094462 0.03536436706781387 235
1662376095736 0.03185349330306053 236
1662376097011 0.03654858097434044 237
1662376098250 0.03407397121191025 238
1662376099563 0.060644328594207764 239
1662376100814 0.07982639223337173 240
1662376102083 0.08895054459571838 241
1662376103345 0.05021889507770538 242
1662376104576 0.035535313189029694 243
1662376105838 0.04746609181165695 244
1662376107112 0.038287486881017685 245
1662376108392 0.08265333622694016 246
1662376109682 0.044541873037815094 247
1662376110905 0.03993556275963783 248
1662376112199 0.03957506641745567 249
1662376113507 0.11990448832511902 250
1662376114766 0.056966833770275116 251
1662376116021 0.06119479984045029 252
1662376117282 0.04020923003554344 253
1662376118568 0.0384182371199131 254
1662376119879 0.058293603360652924 255
1662376121121 0.035011764615774155 256
1662376122399 0.04220771789550781 257
1662376123688 0.09238492697477341 258
1662376124949 0.04184003546833992 259
1662376126186 0.06928050518035889 260
1662376127437 0.06835667788982391 261
1662376128714 0.07337342947721481 262
1662376129937 0.09924322366714478 263
1662376131173 0.050664663314819336 264
1662376132437 0.03657447546720505 265
1662376133701 0.0626329556107521 266
1662376134952 0.05605841428041458 267
1662376136233 0.08487481623888016 268
1662376137520 0.08125393092632294 269
1662376138789 0.03959030658006668 270
1662376140056 0.13447806239128113 271
1662376141332 0.04474842548370361 272
1662376142613 0.0895129069685936 273
1662376143843 0.0367584228515625 274
1662376145147 0.03692847862839699 275
1662376146448 0.033917080610990524 276
1662376147724 0.040582649409770966 277
1662376149009 0.04614851996302605 278
1662376150297 0.08061880618333817 279
1662376151570 0.050452154129743576 280
1662376152883 0.06993482261896133 281
1662376154105 0.03631013259291649 282
1662376155386 0.03500371798872948 283
1662376156662 0.08169301599264145 284
1662376157942 0.027626298367977142 285
1662376159202 0.038872379809617996 286
1662376160495 0.0656709372997284 287
1662376161752 0.03999410569667816 288
1662376163053 0.034115489572286606 289
1662376164326 0.03941229358315468 290
1662376165626 0.05452250316739082 291
1662376166880 0.09103142470121384 292
1662376168165 0.03451427444815636 293
1662376169456 0.05976378545165062 294
1662376170760 0.05561872571706772 295
1662376172066 0.07032070308923721 296
1662376173333 0.03763619437813759 297
1662376174591 0.04233870282769203 298
1662376175936 0.05709926784038544 299
1662376177185 0.13782507181167603 300
1662376178482 0.04097063094377518 301
1662376179781 0.11281544715166092 302
1662376181029 0.032706860452890396 303
1662376182267 0.06996855139732361 304
1662376183539 0.03291991353034973 305
1662376184803 0.0383254811167717 306
1662376186073 0.03488451987504959 307
1662376187382 0.03787342086434364 308
1662376188653 0.05589647963643074 309
1662376189924 0.10219850391149521 310
1662376191172 0.042638715356588364 311
1662376192435 0.06270914524793625 312
1662376193737 0.03350071236491203 313
1662376195024 0.07854000478982925 314
1662376196339 0.031403109431266785 315
1662376197604 0.06923044472932816 316
1662376198841 0.050185658037662506 317
1662376200139 0.02769714966416359 318
1662376201420 0.05734802782535553 319
1662376202696 0.06455707550048828 320
1662376204001 0.037150878459215164 321
1662376205264 0.035408712923526764 322
1662376206628 0.04680298641324043 323
1662376207938 0.03404112532734871 324
1662376209200 0.06600416451692581 325
1662376210500 0.03541697934269905 326
1662376211747 0.13590188324451447 327
1662376213005 0.028017666190862656 328
1662376214264 0.04460054263472557 329
1662376215566 0.05112108588218689 330
1662376216820 0.049812838435173035 331
1662376218086 0.06597734987735748 332
1662376219342 0.048229992389678955 333
1662376220606 0.03657035529613495 334
1662376221903 0.025983363389968872 335
1662376223232 0.0898265689611435 336
1662376224520 0.07742904126644135 337
1662376225784 0.12433749437332153 338
1662376227042 0.06515199691057205 339
1662376228326 0.03317970782518387 340
1662376229594 0.051316116005182266 341
1662376230913 0.025587866082787514 342
1662376232197 0.1047384962439537 343
1662376233511 0.040211573243141174 344
1662376234788 0.039474401623010635 345
1662376236036 0.03523097559809685 346
1662376237292 0.057530250400304794 347
1662376238609 0.05767619609832764 348
1662376239903 0.07390110194683075 349
1662376241182 0.04148364067077637 350
1662376242445 0.06004444137215614 351
1662376243723 0.06486852467060089 352
1662376244984 0.03126265108585358 353
1662376246270 0.03223847225308418 354
1662376247553 0.034098248928785324 355
1662376248835 0.03268679603934288 356
1662376250116 0.04687435179948807 357
1662376251353 0.07763027399778366 358
1662376252636 0.07311048358678818 359
1662376253909 0.033816155046224594 360
1662376255165 0.05990244448184967 361
1662376256460 0.09449693560600281 362
1662376257759 0.03973405435681343 363
1662376259044 0.041324932128190994 364
1662376260309 0.04385872185230255 365
1662376261621 0.05068105459213257 366
1662376262925 0.055307015776634216 367
1662376264227 0.03459681198000908 368
1662376265488 0.04450875148177147 369
1662376266763 0.04441474750638008 370
1662376268030 0.03948788344860077 371
1662376269284 0.09073549509048462 372
1662376270544 0.07324031740427017 373
1662376271784 0.0909440740942955 374
1662376273079 0.04468608647584915 375
1662376274375 0.04147523641586304 376
1662376275649 0.03062337450683117 377
1662376276927 0.16297119855880737 378
1662376278192 0.03543909266591072 379
1662376279466 0.10959071666002274 380
1662376280716 0.0489589124917984 381
1662376282036 0.04579123854637146 382
1662376283322 0.0418301522731781 383
1662376284589 0.07649912685155869 384
1662376285897 0.04389364272356033 385
1662376287179 0.03583278879523277 386
1662376288418 0.07373335212469101 387
1662376289703 0.07694889605045319 388
1662376291010 0.04728389531373978 389
1662376292280 0.04749805107712746 390
1662376293532 0.05697520077228546 391
1662376294756 0.03373107314109802 392
1662376296000 0.08224892616271973 393
1662376297270 0.06137130782008171 394
1662376298527 0.027241293340921402 395
1662376299790 0.0332476869225502 396
1662376301070 0.03186416253447533 397
1662376302321 0.036725159734487534 398
1662376303631 0.05232728272676468 399
1662376304888 0.06481395661830902 400
1662376306170 0.035513993352651596 401
1662376307490 0.03859012946486473 402
1662376308814 0.03234196826815605 403
1662376310071 0.07163910567760468 404
1662376311349 0.09578622132539749 405
1662376312633 0.05114418640732765 406
1662376313931 0.03647676110267639 407
1662376315178 0.04536062106490135 408
1662376316475 0.11261475831270218 409
1662376317761 0.07328921556472778 410
1662376319056 0.06962119042873383 411
1662376320344 0.038278449326753616 412
1662376321606 0.0724753811955452 413
1662376322875 0.03905119001865387 414
1662376324131 0.05296483635902405 415
1662376325369 0.03169811889529228 416
1662376326667 0.03810860589146614 417
1662376327900 0.06340217590332031 418
1662376329147 0.03153671324253082 419
1662376330389 0.07014366239309311 420
1662376331669 0.090578094124794 421
1662376332934 0.037680406123399734 422
1662376334178 0.04992219805717468 423
1662376335459 0.08170312643051147 424
1662376336747 0.053410857915878296 425
1662376338025 0.032649725675582886 426
1662376339269 0.09355952590703964 427
1662376340504 0.03727595508098602 428
1662376341792 0.03423432633280754 429
1662376343053 0.034485988318920135 430
1662376344308 0.033531732857227325 431
1662376345575 0.04700401425361633 432
1662376346790 0.09824156761169434 433
1662376348032 0.07072947174310684 434
1662376349252 0.06952700763940811 435
1662376350513 0.043206486850976944 436
1662376351764 0.08443780988454819 437
1662376353066 0.053061190992593765 438
1662376354298 0.02829389087855816 439
1662376355574 0.03904373571276665 440
1662376356866 0.04051920771598816 441
1662376358124 0.04485093802213669 442
1662376359433 0.03676043078303337 443
1662376360688 0.03490772470831871 444
1662376361938 0.027020884677767754 445
1662376363202 0.09019076079130173 446
1662376364482 0.04312435910105705 447
1662376365761 0.09419400244951248 448
1662376367035 0.044897861778736115 449
1662376368272 0.03696969524025917 450
1662376369529 0.040886033326387405 451
1662376370778 0.05466762185096741 452
1662376372067 0.032257139682769775 453
1662376373324 0.0343913733959198 454
1662376374577 0.0775185227394104 455
1662376375845 0.038040775805711746 456
1662376377138 0.04922867566347122 457
1662376378457 0.06334886699914932 458
1662376379836 0.03303518891334534 459
1662376381144 0.04075639322400093 460
1662376382486 0.04131992906332016 461
1662376383702 0.04517071321606636 462
1662376384976 0.05526398867368698 463
1662376386254 0.07775547355413437 464
1662376387613 0.09373684972524643 465
1662376388902 0.07572022080421448 466
1662376390202 0.040239207446575165 467
1662376391477 0.02769738808274269 468
1662376392741 0.12011728435754776 469
1662376394026 0.06039880961179733 470
1662376395325 0.03769988939166069 471
1662376396596 0.035501670092344284 472
1662376397868 0.07559433579444885 473
1662376399097 0.04776300489902496 474
1662376400383 0.04211656004190445 475
1662376401727 0.07735175639390945 476
1662376402992 0.03443215414881706 477
1662376404244 0.035168182104825974 478
1662376405514 0.049064937978982925 479
1662376406788 0.0474313423037529 480
1662376408063 0.03333375230431557 481
1662376409312 0.024191129952669144 482
1662376410579 0.030521485954523087 483
1662376411846 0.04579716548323631 484
1662376413140 0.038936544209718704 485
1662376414394 0.07221262156963348 486
1662376415636 0.05324092134833336 487
1662376416889 0.053753551095724106 488
1662376418166 0.09295317530632019 489
1662376419424 0.03844873979687691 490
1662376420709 0.06633700430393219 491
1662376421912 0.04920390620827675 492
1662376423197 0.11647496372461319 493
1662376424445 0.08705834299325943 494
1662376425797 0.07912786304950714 495
1662376427055 0.034828826785087585 496
1662376428268 0.036680884659290314 497
1662376429544 0.036318108439445496 498
1662376430800 0.03630894050002098 499
1662376432017 0.050380270928144455 500
1662376433284 0.0654192641377449 501
1662376434524 0.035898055881261826 502
1662376435785 0.05396019294857979 503
1662376437047 0.033385761082172394 504
1662376438329 0.05730316415429115 505
1662376439593 0.050826169550418854 506
1662376440869 0.07363542914390564 507
1662376442148 0.048224080353975296 508
1662376443398 0.07944254577159882 509
1662376444639 0.05468829348683357 510
1662376445901 0.04240713268518448 511
1662376447114 0.04808531329035759 512
1662376448381 0.039628949016332626 513
1662376449703 0.033073294907808304 514
1662376450982 0.057458583265542984 515
1662376452267 0.04590372368693352 516
1662376453498 0.04259461164474487 517
1662376454736 0.03239891305565834 518
1662376456011 0.03164436295628548 519
1662376457338 0.05164805054664612 520
1662376458635 0.03416996821761131 521
1662376459878 0.04670863598585129 522
1662376461152 0.15459607541561127 523
1662376462414 0.0259387344121933 524
1662376463726 0.039451081305742264 525
1662376465030 0.05536270886659622 526
1662376466276 0.035886652767658234 527
1662376467558 0.04077010229229927 528
1662376468849 0.09397414326667786 529
1662376470150 0.08999074995517731 530
1662376471386 0.08739573508501053 531
1662376472622 0.03729124739766121 532
1662376473892 0.023585906252264977 533
1662376475193 0.05578107014298439 534
1662376476472 0.10435488820075989 535
1662376477755 0.02917977049946785 536
1662376479045 0.07374583929777145 537
1662376480316 0.08336314558982849 538
1662376481547 0.037294138222932816 539
1662376482785 0.040207117795944214 540
1662376484067 0.04643010348081589 541
1662376485353 0.04179869964718819 542
1662376486614 0.036689840257167816 543
1662376487887 0.03996538743376732 544
1662376489174 0.03616037592291832 545
1662376490442 0.044255975633859634 546
1662376491701 0.07173719257116318 547
1662376492961 0.07570411264896393 548
1662376494201 0.04501280561089516 549
1662376495486 0.05664282664656639 550
1662376496837 0.03807366266846657 551
1662376498084 0.08225546032190323 552
1662376499388 0.04248997941613197 553
1662376500640 0.04947783797979355 554
1662376501944 0.05421578884124756 555
1662376503240 0.04983898624777794 556
1662376504511 0.049018263816833496 557
1662376505779 0.04935477674007416 558
1662376507056 0.07879232615232468 559
1662376508326 0.028069239109754562 560
1662376509613 0.12415271997451782 561
1662376510875 0.032720305025577545 562
1662376512152 0.04209195449948311 563
1662376513430 0.05128052830696106 564
1662376514695 0.030860675498843193 565
1662376515932 0.028648005798459053 566
1662376517227 0.07591897994279861 567
1662376518528 0.027510831132531166 568
1662376519877 0.1014864593744278 569
1662376521158 0.09086186438798904 570
1662376522438 0.07507671415805817 571
1662376523735 0.04350036755204201 572
1662376525022 0.03147587925195694 573
1662376526319 0.033033337444067 574
1662376527584 0.043743930757045746 575
1662376528861 0.07461662590503693 576
1662376530153 0.041425514966249466 577
1662376531393 0.04157346487045288 578
1662376532696 0.04082337021827698 579
1662376533996 0.043614741414785385 580
1662376535262 0.05106161907315254 581
1662376536521 0.06920074671506882 582
1662376537806 0.09458209574222565 583
1662376539050 0.03828464820981026 584
1662376540335 0.09034845978021622 585
1662376541552 0.10202434659004211 586
1662376542797 0.03203723579645157 587
1662376544042 0.04060531407594681 588
1662376545334 0.029490405693650246 589
1662376546604 0.028712693601846695 590
1662376547905 0.04611214995384216 591
1662376549170 0.04238024353981018 592
1662376550443 0.04250914976000786 593
1662376551685 0.04176250100135803 594
1662376552938 0.03351347893476486 595
1662376554205 0.07475445419549942 596
1662376555480 0.03141917660832405 597
1662376556816 0.03387775644659996 598
1662376558081 0.03387309983372688 599
1662376559364 0.064097099006176 600
1662376560675 0.09235073626041412 601
1662376561923 0.03870965540409088 602
1662376563201 0.07378446310758591 603
1662376564412 0.07692522555589676 604
1662376565686 0.03750934451818466 605
1662376566968 0.04317386448383331 606
1662376568272 0.04730645567178726 607
1662376569539 0.04408030956983566 608
1662376570838 0.06606283038854599 609
1662376572124 0.03097989782691002 610
1662376573416 0.09834712743759155 611
1662376574664 0.09537748247385025 612
1662376575931 0.046447694301605225 613
1662376577249 0.10485750436782837 614
1662376578497 0.057663943618535995 615
1662376579783 0.08500182628631592 616
1662376581048 0.06112460419535637 617
1662376582335 0.035878706723451614 618
1662376583651 0.04134533181786537 619
1662376584919 0.07601645588874817 620
1662376586249 0.04427691549062729 621
1662376587555 0.04541676864027977 622
1662376588905 0.02556055411696434 623
1662376590177 0.039521150290966034 624
1662376591413 0.03518664836883545 625
1662376592646 0.07881384342908859 626
1662376593924 0.07553435117006302 627
1662376595181 0.03654725104570389 628
1662376596450 0.061406634747982025 629
1662376597801 0.07379591464996338 630
1662376599079 0.03681059926748276 631
1662376600332 0.0769665390253067 632
1662376601630 0.045578524470329285 633
1662376602906 0.05379418656229973 634
1662376604141 0.030362484976649284 635
1662376605378 0.13064540922641754 636
1662376606608 0.037339117377996445 637
1662376607901 0.03278985992074013 638
1662376609199 0.031093263998627663 639
1662376610473 0.12557877600193024 640
1662376611768 0.04722236469388008 641
1662376613025 0.0471733994781971 642
1662376614255 0.06569385528564453 643
1662376615539 0.03307560086250305 644
1662376616816 0.02988637052476406 645
1662376618045 0.04742293432354927 646
1662376619320 0.040704794228076935 647
1662376620624 0.0700090229511261 648
1662376621944 0.030231675133109093 649
1662376623216 0.03965461254119873 650
1662376624490 0.04127974435687065 651
1662376625784 0.06037329137325287 652
1662376627061 0.038345567882061005 653
1662376628355 0.07315341383218765 654
1662376629613 0.0339796356856823 655
1662376630912 0.051869314163923264 656
1662376632169 0.09679253399372101 657
1662376633452 0.0431174673140049 658
1662376634717 0.05393954738974571 659
1662376635991 0.03294091671705246 660
1662376637242 0.051086921244859695 661
1662376638524 0.0406745970249176 662
1662376639824 0.07627665251493454 663
1662376641107 0.058067917823791504 664
1662376642385 0.029656492173671722 665
1662376643704 0.08905160427093506 666
1662376644967 0.033241935074329376 667
1662376646236 0.045276105403900146 668
1662376647494 0.03326734900474548 669
1662376648781 0.0781024917960167 670
1662376650086 0.06431707739830017 671
1662376651314 0.03402587026357651 672
1662376652589 0.06704581528902054 673
1662376653915 0.03677244484424591 674
1662376655116 0.03837866708636284 675
1662376656372 0.03672777861356735 676
1662376657682 0.08383085578680038 677
1662376658992 0.04823971167206764 678
1662376660227 0.1017775684595108 679
1662376661486 0.034380607306957245 680
1662376662782 0.06581754982471466 681
1662376664058 0.030358992516994476 682
1662376665298 0.045106321573257446 683
1662376666569 0.07366445660591125 684
1662376667837 0.03259671479463577 685
1662376669091 0.07615791261196136 686
1662376670354 0.03973666578531265 687
1662376671600 0.035350438207387924 688
1662376672906 0.11246971040964127 689
1662376674194 0.05735490843653679 690
1662376675435 0.06082645803689957 691
1662376676722 0.09726841747760773 692
1662376677959 0.07026969641447067 693
1662376679211 0.03613602742552757 694
1662376680446 0.02679099328815937 695
1662376681672 0.02696322649717331 696
1662376682954 0.04826254025101662 697
1662376684216 0.041419439017772675 698
1662376685441 0.03430063650012016 699
1662376686687 0.0521511435508728 700
1662376687921 0.03986836224794388 701
1662376689166 0.04894573614001274 702
1662376690418 0.034933894872665405 703
1662376691707 0.03537523373961449 704
1662376693029 0.05808986350893974 705
1662376694294 0.04047534242272377 706
1662376695561 0.04019101336598396 707
1662376696808 0.06410188227891922 708
1662376698090 0.03507854416966438 709
1662376699360 0.0809461772441864 710
1662376700642 0.09570016711950302 711
1662376701889 0.03730589523911476 712
1662376703142 0.049627576023340225 713
1662376704426 0.042556267231702805 714
1662376705783 0.04244430735707283 715
1662376707057 0.05030253157019615 716
1662376708303 0.03727693855762482 717
1662376709588 0.054114777594804764 718
1662376710870 0.08893752098083496 719
1662376712162 0.04605325311422348 720
1662376713449 0.03700907155871391 721
1662376714724 0.03035738877952099 722
1662376716005 0.06962179392576218 723
1662376717282 0.10632450878620148 724
1662376718518 0.04361182823777199 725
1662376719794 0.02929840423166752 726
1662376721088 0.027235444635152817 727
1662376722364 0.03349195420742035 728
1662376723661 0.07043864578008652 729
1662376724905 0.025318855419754982 730
1662376726163 0.07789040356874466 731
1662376727429 0.06227394565939903 732
1662376728716 0.06530725210905075 733
1662376729987 0.050846975296735764 734
1662376731274 0.034595802426338196 735
1662376732519 0.028546344488859177 736
1662376733784 0.045150309801101685 737
1662376734997 0.04757533222436905 738
1662376736273 0.04597669467329979 739
1662376737505 0.04598033428192139 740
1662376738779 0.1035822406411171 741
1662376740039 0.030704045668244362 742
1662376741313 0.043610356748104095 743
1662376742580 0.044928792864084244 744
1662376743850 0.07836972177028656 745
1662376745090 0.034149814397096634 746
1662376746313 0.057129133492708206 747
1662376747587 0.04438624158501625 748
1662376748856 0.029222872108221054 749
1662376750112 0.027533093467354774 750
1662376751408 0.0406884141266346 751
1662376752665 0.03849227726459503 752
1662376753929 0.0402078852057457 753
1662376755227 0.02798367477953434 754
1662376756500 0.04566480964422226 755
1662376757737 0.058989595621824265 756
1662376759024 0.08239400386810303 757
1662376760282 0.05089348182082176 758
1662376761593 0.0974108949303627 759
1662376762854 0.06261754035949707 760
1662376764111 0.10122150927782059 761
1662376765384 0.05583612993359566 762
1662376766747 0.06459157168865204 763
1662376767994 0.050309665501117706 764
1662376769246 0.03593287244439125 765
1662376770538 0.033590544015169144 766
1662376771824 0.042841870337724686 767
1662376773055 0.059032026678323746 768
1662376774319 0.0373428650200367 769
1662376775575 0.03748247027397156 770
1662376776845 0.04505729302763939 771
1662376778114 0.034555502235889435 772
1662376779370 0.02780945412814617 773
1662376780581 0.045688383281230927 774
1662376781817 0.06686746329069138 775
1662376783064 0.033996615558862686 776
1662376784313 0.07407640665769577 777
1662376785576 0.07555180042982101 778
1662376786858 0.03911113739013672 779
1662376788102 0.0263059101998806 780
1662376789400 0.05670156702399254 781
1662376790671 0.05390956252813339 782
1662376791928 0.11688119918107986 783
1662376793218 0.024890689179301262 784
1662376794524 0.05768145993351936 785
1662376795818 0.12067217379808426 786
1662376797090 0.03930582478642464 787
1662376798349 0.05559234321117401 788
1662376799643 0.03790544718503952 789
1662376800912 0.05227455496788025 790
1662376802183 0.046013377606868744 791
1662376803458 0.028510570526123047 792
1662376804725 0.04749100282788277 793
1662376805989 0.1267634630203247 794
1662376807215 0.030279750004410744 795
1662376808439 0.06375966966152191 796
1662376809691 0.06904999166727066 797
1662376810961 0.04881318286061287 798
1662376811715 0.050284914672374725 799
