1662375794579 0.1112518459558487 0
1662375795783 0.08701426535844803 1
1662375797161 0.0741351842880249 2
1662375798419 0.13366803526878357 3
1662375799681 0.10010619461536407 4
1662375800895 0.08026104420423508 5
1662375802134 0.1415271759033203 6
1662375803404 0.1206105649471283 7
1662375804672 0.12155430763959885 8
1662375805924 0.07260964810848236 9
1662375807170 0.13694007694721222 10
1662375808417 0.11082108318805695 11
1662375809671 0.055402033030986786 12
1662375810958 0.13759033381938934 13
1662375812179 0.07380087673664093 14
1662375813404 0.0920167863368988 15
1662375814657 0.06922094523906708 16
1662375815887 0.14080843329429626 17
1662375817192 0.0667361468076706 18
1662375818463 0.0854523628950119 19
1662375819728 0.08899598568677902 20
1662375821046 0.12102654576301575 21
1662375822329 0.1405792534351349 22
1662375823570 0.12199446558952332 23
1662375824810 0.07898852229118347 24
1662375826070 0.0694790780544281 25
1662375827275 0.07479167729616165 26
1662375828561 0.11779274791479111 27
1662375829817 0.14099529385566711 28
1662375831073 0.08582386374473572 29
1662375832339 0.08717840909957886 30
1662375833618 0.08560729026794434 31
1662375834866 0.062268178910017014 32
1662375836137 0.06422389298677444 33
1662375837379 0.12355023622512817 34
1662375838636 0.15046952664852142 35
1662375839899 0.10571816563606262 36
1662375841152 0.0926637351512909 37
1662375842435 0.09533657878637314 38
1662375843699 0.11873145401477814 39
1662375845018 0.12783822417259216 40
1662375846313 0.09803681075572968 41
1662375847601 0.05948028713464737 42
1662375848880 0.10201592743396759 43
1662375850121 0.1279068887233734 44
1662375851419 0.07841697335243225 45
1662375852679 0.05699111521244049 46
1662375853935 0.09992419183254242 47
1662375855194 0.11974731087684631 48
1662375856460 0.09083248674869537 49
1662375857734 0.09367302060127258 50
1662375859021 0.10340340435504913 51
1662375860316 0.10833822190761566 52
1662375861658 0.09757350385189056 53
1662375862930 0.09103451669216156 54
1662375864190 0.11307096481323242 55
1662375865482 0.055608294904232025 56
1662375866754 0.1872776746749878 57
1662375868065 0.0767890214920044 58
1662375869307 0.05215337499976158 59
1662375870597 0.11586501449346542 60
1662375871909 0.11520688980817795 61
1662375873289 0.07510636746883392 62
1662375874561 0.09608512371778488 63
1662375875817 0.07080152630805969 64
1662375877095 0.08350598812103271 65
1662375878336 0.0418475940823555 66
1662375879610 0.0931423157453537 67
1662375880902 0.060995135456323624 68
1662375882166 0.08097077161073685 69
1662375883454 0.08104029297828674 70
1662375884723 0.0979151725769043 71
1662375885955 0.08252892643213272 72
1662375887232 0.14229117333889008 73
1662375888492 0.10094142705202103 74
1662375889765 0.09807009994983673 75
1662375891048 0.06706072390079498 76
1662375892302 0.04896462708711624 77
1662375893549 0.06460153311491013 78
1662375894832 0.07023540884256363 79
1662375896080 0.14435230195522308 80
1662375897433 0.08433814346790314 81
1662375898733 0.12240487337112427 82
1662375899984 0.16112340986728668 83
1662375901290 0.09056062251329422 84
1662375902570 0.11439128965139389 85
1662375903848 0.05745309963822365 86
1662375905113 0.07216282933950424 87
1662375906405 0.07761923968791962 88
1662375907667 0.08070841431617737 89
1662375908937 0.17988239228725433 90
1662375910207 0.15414083003997803 91
1662375911502 0.066902756690979 92
1662375912768 0.07618840038776398 93
1662375914046 0.13483023643493652 94
1662375915333 0.09005507826805115 95
1662375916613 0.08626202493906021 96
1662375917914 0.05229439586400986 97
1662375919216 0.07694453746080399 98
1662375920517 0.11900763213634491 99
1662375921815 0.07751581817865372 100
1662375923097 0.11147378385066986 101
1662375924366 0.07452721893787384 102
1662375925716 0.08441872894763947 103
1662375927004 0.18289104104042053 104
1662375928320 0.08209506422281265 105
1662375929631 0.08136636763811111 106
1662375930915 0.08103500306606293 107
1662375932262 0.05725959688425064 108
1662375933547 0.1063675582408905 109
1662375934811 0.04999929293990135 110
1662375936094 0.07751717418432236 111
1662375937385 0.12765470147132874 112
1662375938644 0.09904728829860687 113
1662375939914 0.08094707131385803 114
1662375941223 0.05035106837749481 115
1662375942490 0.10663497447967529 116
1662375943703 0.0411137156188488 117
1662375944954 0.10315181314945221 118
1662375946259 0.09246300160884857 119
1662375947542 0.10972723364830017 120
1662375948825 0.05104166269302368 121
1662375950110 0.051284752786159515 122
1662375951404 0.03519412875175476 123
1662375952644 0.08140753209590912 124
1662375953957 0.07809706032276154 125
1662375955207 0.07187969237565994 126
1662375956494 0.09114508330821991 127
1662375957804 0.08659639209508896 128
1662375959066 0.06607711315155029 129
1662375960332 0.07438056915998459 130
1662375961565 0.0789971724152565 131
1662375962826 0.12406258285045624 132
1662375964119 0.08175027370452881 133
1662375965398 0.07863502949476242 134
1662375966685 0.05696665495634079 135
1662375967985 0.142274871468544 136
1662375969270 0.10712769627571106 137
1662375970543 0.08322862535715103 138
1662375971829 0.06217993050813675 139
1662375973125 0.05181654915213585 140
1662375974404 0.07490552961826324 141
1662375975680 0.08429908752441406 142
1662375976963 0.10776561498641968 143
1662375978213 0.15020811557769775 144
1662375979497 0.24338506162166595 145
1662375980727 0.08536064624786377 146
1662375982017 0.0937700867652893 147
1662375983265 0.06126852333545685 148
1662375984511 0.12520627677440643 149
1662375985778 0.05169393867254257 150
1662375987056 0.08353356271982193 151
1662375988325 0.1026405394077301 152
1662375989632 0.0436580516397953 153
1662375990924 0.04775241017341614 154
1662375992215 0.1118432953953743 155
1662375993493 0.10071059316396713 156
1662375994793 0.052866410464048386 157
1662375996059 0.07861384749412537 158
1662375997356 0.05853390693664551 159
1662375998600 0.08876288682222366 160
1662375999861 0.07779264450073242 161
1662376001104 0.22005027532577515 162
1662376002411 0.05811312049627304 163
1662376003713 0.10310842096805573 164
1662376004974 0.061577484011650085 165
1662376006219 0.11978235840797424 166
1662376007479 0.04349073767662048 167
1662376008755 0.11761262267827988 168
1662376010034 0.07288455963134766 169
1662376011309 0.07066795229911804 170
1662376012636 0.07544419169425964 171
1662376013936 0.1076965257525444 172
1662376015245 0.08738929778337479 173
1662376016545 0.09912101924419403 174
1662376017795 0.043273210525512695 175
1662376019075 0.15474866330623627 176
1662376020348 0.05855947732925415 177
1662376021628 0.056730277836322784 178
1662376022918 0.08738888800144196 179
1662376024222 0.07914870977401733 180
1662376025526 0.09547562897205353 181
1662376026852 0.11512604355812073 182
1662376028155 0.08177099376916885 183
1662376029430 0.1115763857960701 184
1662376030691 0.09832284599542618 185
1662376032005 0.08112331479787827 186
1662376033311 0.05999382585287094 187
1662376034586 0.07832890748977661 188
1662376035843 0.08951343595981598 189
1662376037138 0.05057946592569351 190
1662376038413 0.09879890084266663 191
1662376039693 0.06067301332950592 192
1662376040994 0.06954348832368851 193
1662376042250 0.13297836482524872 194
1662376043487 0.08576822280883789 195
1662376044774 0.0701427161693573 196
1662376046033 0.056431472301483154 197
1662376047301 0.09275601804256439 198
1662376048594 0.17156854271888733 199
1662376049838 0.067258819937706 200
1662376051143 0.19142112135887146 201
1662376052447 0.060366299003362656 202
1662376053676 0.07349751144647598 203
1662376054957 0.08939042687416077 204
1662376056238 0.13742539286613464 205
1662376057508 0.09267714619636536 206
1662376058752 0.032098978757858276 207
1662376060018 0.1702379733324051 208
1662376061270 0.03655005246400833 209
1662376062529 0.08512219786643982 210
1662376063814 0.07583990693092346 211
1662376065105 0.040092337876558304 212
1662376066362 0.05466228723526001 213
1662376067660 0.08275070786476135 214
1662376068918 0.11167392879724503 215
1662376070218 0.07441580295562744 216
1662376071477 0.11281299591064453 217
1662376072721 0.10792693495750427 218
1662376073987 0.10095365345478058 219
1662376075257 0.11488757282495499 220
1662376076578 0.06951847672462463 221
1662376077887 0.08437126129865646 222
1662376079155 0.10359413921833038 223
1662376080445 0.09278562664985657 224
1662376081713 0.06594612449407578 225
1662376083001 0.0750475525856018 226
1662376084279 0.11327990889549255 227
1662376085537 0.08846669644117355 228
1662376086800 0.07217023521661758 229
1662376088124 0.10559917986392975 230
1662376089397 0.08204679936170578 231
1662376090666 0.06712976098060608 232
1662376091943 0.05521112680435181 233
1662376093227 0.06281022727489471 234
1662376094462 0.05216819792985916 235
1662376095735 0.0696943923830986 236
1662376097010 0.05608277767896652 237
1662376098249 0.022135619074106216 238
1662376099562 0.08599281311035156 239
1662376100813 0.09342034161090851 240
1662376102082 0.15944930911064148 241
1662376103344 0.08435414731502533 242
1662376104576 0.04461362585425377 243
1662376105837 0.0805397778749466 244
1662376107111 0.0673283115029335 245
1662376108391 0.12566576898097992 246
1662376109681 0.03827010095119476 247
1662376110904 0.07423333823680878 248
1662376112198 0.054109662771224976 249
1662376113506 0.14517107605934143 250
1662376114765 0.06726572662591934 251
1662376116020 0.10280726850032806 252
1662376117282 0.058283932507038116 253
1662376118568 0.0918927863240242 254
1662376119879 0.08589199185371399 255
1662376121120 0.032369017601013184 256
1662376122398 0.06292707473039627 257
1662376123687 0.08630284667015076 258
1662376124948 0.030601060017943382 259
1662376126186 0.10518836975097656 260
1662376127436 0.10491091012954712 261
1662376128714 0.10081876814365387 262
1662376129937 0.1158650666475296 263
1662376131172 0.09524045884609222 264
1662376132436 0.0293439868837595 265
1662376133700 0.10290862619876862 266
1662376134952 0.05266098305583 267
1662376136232 0.19109699130058289 268
1662376137519 0.0814673900604248 269
1662376138788 0.06744058430194855 270
1662376140055 0.09147825837135315 271
1662376141331 0.0593278594315052 272
1662376142612 0.08586275577545166 273
1662376143842 0.06889645010232925 274
1662376145147 0.07244083285331726 275
1662376146447 0.05721130222082138 276
1662376147724 0.07686470448970795 277
1662376149008 0.07291552424430847 278
1662376150297 0.1092972606420517 279
1662376151569 0.05393190309405327 280
1662376152882 0.09958060830831528 281
1662376154104 0.060061976313591 282
1662376155386 0.09433042258024216 283
1662376156661 0.08671136945486069 284
1662376157942 0.050071075558662415 285
1662376159201 0.06510092318058014 286
1662376160494 0.10478849709033966 287
1662376161752 0.07244027405977249 288
1662376163053 0.05630042403936386 289
1662376164325 0.07303175330162048 290
1662376165625 0.04911516234278679 291
1662376166879 0.14999571442604065 292
1662376168164 0.060580238699913025 293
1662376169455 0.06176787614822388 294
1662376170760 0.043856531381607056 295
1662376172065 0.08474671840667725 296
1662376173332 0.06970123946666718 297
1662376174590 0.0575050450861454 298
1662376175935 0.06837551295757294 299
1662376177185 0.14573122560977936 300
1662376178481 0.05609842389822006 301
1662376179780 0.15826380252838135 302
1662376181029 0.034959856420755386 303
1662376182267 0.12045084685087204 304
1662376183538 0.044066302478313446 305
1662376184802 0.061797045171260834 306
1662376186073 0.04745491221547127 307
1662376187381 0.03212397173047066 308
1662376188652 0.08907268941402435 309
1662376189924 0.11908241361379623 310
1662376191172 0.04907681792974472 311
1662376192434 0.09450346976518631 312
1662376193736 0.07094665616750717 313
1662376195024 0.09228236228227615 314
1662376196338 0.06533316522836685 315
1662376197604 0.09441469609737396 316
1662376198840 0.07572085410356522 317
1662376200138 0.06073766574263573 318
1662376201420 0.08410094678401947 319
1662376202695 0.07295295596122742 320
1662376204001 0.06355226039886475 321
1662376205263 0.06854796409606934 322
1662376206627 0.07746617496013641 323
1662376207938 0.04113501310348511 324
1662376209199 0.05744016915559769 325
1662376210499 0.03742428869009018 326
1662376211747 0.17530754208564758 327
1662376213004 0.05243559554219246 328
1662376214264 0.07307682186365128 329
1662376215565 0.06037621572613716 330
1662376216819 0.077145054936409 331
1662376218085 0.0884309858083725 332
1662376219341 0.06441907584667206 333
1662376220605 0.04775910824537277 334
1662376221902 0.05548283830285072 335
1662376223232 0.07946173846721649 336
1662376224520 0.18019092082977295 337
1662376225783 0.1666262298822403 338
1662376227042 0.09851120412349701 339
1662376228325 0.0743875652551651 340
1662376229593 0.09589745104312897 341
1662376230913 0.052091021090745926 342
1662376232196 0.11929259449243546 343
1662376233510 0.08582558482885361 344
1662376234788 0.08727169036865234 345
1662376236035 0.029586125165224075 346
1662376237292 0.03986632823944092 347
1662376238608 0.10891599953174591 348
1662376239902 0.07023662328720093 349
1662376241182 0.055980682373046875 350
1662376242444 0.082866370677948 351
1662376243723 0.058293040841817856 352
1662376244984 0.06443357467651367 353
1662376246270 0.057109441608190536 354
1662376247553 0.06023910641670227 355
1662376248834 0.06956054270267487 356
1662376250116 0.07376168668270111 357
1662376251352 0.08858044445514679 358
1662376252636 0.09963767975568771 359
1662376253908 0.046470753848552704 360
1662376255165 0.09462091326713562 361
1662376256459 0.10831132531166077 362
1662376257759 0.04988955333828926 363
1662376259043 0.06581605970859528 364
1662376260308 0.06725674122571945 365
1662376261620 0.07946665585041046 366
1662376262924 0.07838636636734009 367
1662376264226 0.061155807226896286 368
1662376265488 0.06407422572374344 369
1662376266762 0.04674515500664711 370
1662376268029 0.023397298529744148 371
1662376269283 0.13522553443908691 372
1662376270543 0.1631021648645401 373
1662376271783 0.12585972249507904 374
1662376273079 0.07900868356227875 375
1662376274375 0.07297173142433167 376
1662376275648 0.06474737823009491 377
1662376276927 0.11402401328086853 378
1662376278192 0.04657164216041565 379
1662376279466 0.12709306180477142 380
1662376280715 0.04373999685049057 381
1662376282036 0.05734081193804741 382
1662376283322 0.058436863124370575 383
1662376284589 0.07357154041528702 384
1662376285896 0.032865166664123535 385
1662376287178 0.0720052570104599 386
1662376288417 0.07907228171825409 387
1662376289702 0.10553184151649475 388
1662376291009 0.04776615649461746 389
1662376292280 0.06864491105079651 390
1662376293532 0.058916233479976654 391
1662376294756 0.03319482505321503 392
1662376295999 0.12879344820976257 393
1662376297269 0.0932508260011673 394
1662376298526 0.05624210461974144 395
1662376299790 0.0570768266916275 396
1662376301069 0.048853933811187744 397
1662376302320 0.0570303350687027 398
1662376303630 0.08494074642658234 399
1662376304888 0.06014705449342728 400
1662376306169 0.06587731093168259 401
1662376307490 0.07857989519834518 402
1662376308813 0.048377517610788345 403
1662376310070 0.06065941974520683 404
1662376311348 0.19579143822193146 405
1662376312633 0.08029180765151978 406
1662376313930 0.06710365414619446 407
1662376315178 0.05176253989338875 408
1662376316475 0.08386232703924179 409
1662376317761 0.08504725992679596 410
1662376319055 0.10285462439060211 411
1662376320344 0.05837608873844147 412
1662376321605 0.09674687683582306 413
1662376322875 0.0711866170167923 414
1662376324131 0.0851764902472496 415
1662376325368 0.055942706763744354 416
1662376326666 0.053791217505931854 417
1662376327899 0.09531214833259583 418
1662376329147 0.041191406548023224 419
1662376330388 0.06303085386753082 420
1662376331669 0.1317940652370453 421
1662376332933 0.06750960648059845 422
1662376334177 0.05930500477552414 423
1662376335459 0.09692074358463287 424
1662376336747 0.07403375208377838 425
1662376338024 0.03979878127574921 426
1662376339269 0.10608997941017151 427
1662376340503 0.033377908170223236 428
1662376341791 0.02878441847860813 429
1662376343052 0.06898699700832367 430
1662376344307 0.0585358664393425 431
1662376345574 0.05882100388407707 432
1662376346790 0.1605874001979828 433
1662376348032 0.09477672725915909 434
1662376349251 0.07016803324222565 435
1662376350513 0.08093904703855515 436
1662376351763 0.06794527173042297 437
1662376353065 0.0646691620349884 438
1662376354297 0.03565511107444763 439
1662376355573 0.0813014954328537 440
1662376356865 0.04413564130663872 441
1662376358124 0.0784556046128273 442
1662376359433 0.022760534659028053 443
1662376360687 0.0702764093875885 444
1662376361938 0.04861421510577202 445
1662376363201 0.10877577215433121 446
1662376364481 0.06208416819572449 447
1662376365760 0.12809529900550842 448
1662376367034 0.06888777017593384 449
1662376368271 0.08016239106655121 450
1662376369529 0.06511681526899338 451
1662376370778 0.0801796168088913 452
1662376372067 0.05988790839910507 453
1662376373324 0.05857572704553604 454
1662376374577 0.13664549589157104 455
1662376375844 0.0638023093342781 456
1662376377138 0.08194059133529663 457
1662376378456 0.0747750848531723 458
1662376379835 0.05910498648881912 459
1662376381143 0.05192970484495163 460
1662376382486 0.05027049779891968 461
1662376383702 0.056428760290145874 462
1662376384975 0.0475754477083683 463
1662376386253 0.10073594003915787 464
1662376387612 0.06677082180976868 465
1662376388901 0.09718797355890274 466
1662376390201 0.05686670541763306 467
1662376391476 0.032830581068992615 468
1662376392740 0.08123522996902466 469
1662376394026 0.10250232368707657 470
1662376395324 0.056817058473825455 471
1662376396596 0.046295661479234695 472
1662376397868 0.06764326989650726 473
1662376399097 0.08650922775268555 474
1662376400382 0.06710808724164963 475
1662376401726 0.089798703789711 476
1662376402991 0.062352199107408524 477
1662376404244 0.05234421044588089 478
1662376405513 0.07524563372135162 479
1662376406788 0.04650304466485977 480
1662376408062 0.03672065585851669 481
1662376409311 0.038935337215662 482
1662376410578 0.047691330313682556 483
1662376411845 0.06284548342227936 484
1662376413139 0.05577046796679497 485
1662376414393 0.09424272924661636 486
1662376415635 0.037782952189445496 487
1662376416888 0.07682052254676819 488
1662376418165 0.12030646204948425 489
1662376419423 0.08120669424533844 490
1662376420708 0.09017890691757202 491
1662376421912 0.08957444876432419 492
1662376423196 0.1207580640912056 493
1662376424445 0.07754112780094147 494
1662376425796 0.09843671321868896 495
1662376427054 0.05658132582902908 496
1662376428268 0.04400284215807915 497
1662376429544 0.05498773232102394 498
1662376430800 0.06383687257766724 499
1662376432016 0.06859442591667175 500
1662376433283 0.10832357406616211 501
1662376434523 0.06782391667366028 502
1662376435784 0.06844843178987503 503
1662376437046 0.04922550171613693 504
1662376438328 0.05879119411110878 505
1662376439592 0.0623561330139637 506
1662376440869 0.10884822905063629 507
1662376442148 0.07332151383161545 508
1662376443398 0.06817608326673508 509
1662376444639 0.05778832733631134 510
1662376445900 0.09024805575609207 511
1662376447114 0.07048315554857254 512
1662376448380 0.04150395840406418 513
1662376449702 0.05783206224441528 514
1662376450982 0.09600725769996643 515
1662376452266 0.07401523739099503 516
1662376453497 0.06781254708766937 517
1662376454735 0.045896247029304504 518
1662376456010 0.06293928623199463 519
1662376457337 0.0936940461397171 520
1662376458634 0.046713970601558685 521
1662376459878 0.022413114085793495 522
1662376461152 0.18401175737380981 523
1662376462413 0.04829104617238045 524
1662376463725 0.06710954755544662 525
1662376465030 0.08886837214231491 526
1662376466275 0.05122165381908417 527
1662376467557 0.06036268547177315 528
1662376468848 0.10353520512580872 529
1662376470149 0.0980297401547432 530
1662376471386 0.14112497866153717 531
1662376472621 0.04553429037332535 532
1662376473892 0.04510195553302765 533
1662376475192 0.09385989606380463 534
1662376476472 0.15704259276390076 535
1662376477754 0.0548817440867424 536
1662376479044 0.09454051405191422 537
1662376480315 0.08343791961669922 538
1662376481546 0.07430414110422134 539
1662376482785 0.029423387721180916 540
1662376484067 0.05382159352302551 541
1662376485353 0.044180359691381454 542
1662376486613 0.03914999961853027 543
1662376487886 0.04578791558742523 544
1662376489173 0.061982568353414536 545
1662376490441 0.0841209664940834 546
1662376491701 0.10841484367847443 547
1662376492960 0.06795670837163925 548
1662376494200 0.08072098344564438 549
1662376495485 0.05835101753473282 550
1662376496836 0.05695178359746933 551
1662376498083 0.15961584448814392 552
1662376499387 0.08197347074747086 553
1662376500639 0.07080630958080292 554
1662376501944 0.07049360126256943 555
1662376503240 0.05566617101430893 556
1662376504510 0.06801201403141022 557
1662376505778 0.0739075168967247 558
1662376507055 0.09257747232913971 559
1662376508325 0.047367751598358154 560
1662376509613 0.08406955003738403 561
1662376510874 0.06309901177883148 562
1662376512151 0.08237533271312714 563
1662376513430 0.04931022971868515 564
1662376514695 0.03690779209136963 565
1662376515931 0.032161395996809006 566
1662376517226 0.11219188570976257 567
1662376518527 0.057588204741477966 568
1662376519877 0.1418110728263855 569
1662376521158 0.2376711368560791 570
1662376522438 0.08577810972929001 571
1662376523735 0.06628958880901337 572
1662376525021 0.06223323196172714 573
1662376526318 0.03354763239622116 574
1662376527584 0.09434518963098526 575
1662376528861 0.08768326044082642 576
1662376530152 0.07148638367652893 577
1662376531393 0.07650147378444672 578
1662376532695 0.0666930228471756 579
1662376533995 0.06229610741138458 580
1662376535262 0.08074696362018585 581
1662376536520 0.09486030787229538 582
1662376537805 0.07564278692007065 583
1662376539049 0.026614654809236526 584
1662376540334 0.08284837007522583 585
1662376541551 0.10732851922512054 586
1662376542797 0.03884229436516762 587
1662376544041 0.04465692862868309 588
1662376545333 0.04727917164564133 589
1662376546604 0.04950878396630287 590
1662376547904 0.07816165685653687 591
1662376549170 0.05992891639471054 592
1662376550442 0.07656154036521912 593
1662376551684 0.0679035633802414 594
1662376552938 0.051439013332128525 595
1662376554204 0.09830477833747864 596
1662376555479 0.03229502588510513 597
1662376556815 0.07021339237689972 598
1662376558080 0.038228102028369904 599
1662376559363 0.10612692683935165 600
1662376560674 0.1467439830303192 601
1662376561922 0.07555681467056274 602
1662376563200 0.0882171019911766 603
1662376564411 0.0785597562789917 604
1662376565686 0.04779572784900665 605
1662376566967 0.049993909895420074 606
1662376568271 0.017344120889902115 607
1662376569538 0.06740297377109528 608
1662376570837 0.09446292370557785 609
1662376572124 0.033841341733932495 610
1662376573415 0.10854217410087585 611
1662376574663 0.08782856911420822 612
1662376575931 0.04803191125392914 613
1662376577248 0.10973672568798065 614
1662376578496 0.07274091243743896 615
1662376579782 0.078718401491642 616
1662376581047 0.06064634770154953 617
1662376582334 0.06998959183692932 618
1662376583650 0.0687902569770813 619
1662376584918 0.0918634906411171 620
1662376586248 0.06268203258514404 621
1662376587554 0.08463865518569946 622
1662376588904 0.04782622680068016 623
1662376590177 0.05576110631227493 624
1662376591412 0.05016559362411499 625
1662376592646 0.08932287245988846 626
1662376593923 0.08166323602199554 627
1662376595180 0.061355143785476685 628
1662376596449 0.08993019163608551 629
1662376597800 0.09164100885391235 630
1662376599078 0.04590854421257973 631
1662376600331 0.06172115355730057 632
1662376601629 0.06843800097703934 633
1662376602905 0.08471038937568665 634
1662376604140 0.0521281436085701 635
1662376605377 0.16817504167556763 636
1662376606608 0.04498983174562454 637
1662376607900 0.05969761312007904 638
1662376609198 0.03289927914738655 639
1662376610472 0.16517332196235657 640
1662376611767 0.09132133424282074 641
1662376613025 0.06001927703619003 642
1662376614255 0.09845854341983795 643
1662376615538 0.06818301975727081 644
1662376616815 0.04553873836994171 645
1662376618044 0.07970526814460754 646
1662376619319 0.05220567062497139 647
1662376620623 0.11731914430856705 648
1662376621944 0.06968273222446442 649
1662376623215 0.08571283519268036 650
1662376624489 0.08818401396274567 651
1662376625783 0.05954219400882721 652
1662376627060 0.07820448279380798 653
1662376628354 0.10119441151618958 654
1662376629613 0.047292560338974 655
1662376630912 0.0923168882727623 656
1662376632168 0.10933250188827515 657
1662376633451 0.05091998726129532 658
1662376634716 0.08207816630601883 659
1662376635990 0.04400642588734627 660
1662376637242 0.06539194285869598 661
1662376638523 0.04381689429283142 662
1662376639823 0.11876477301120758 663
1662376641107 0.08126125484704971 664
1662376642384 0.04196471720933914 665
1662376643704 0.07597972452640533 666
1662376644966 0.046434856951236725 667
1662376646235 0.0582575798034668 668
1662376647494 0.05340243875980377 669
1662376648781 0.08317410945892334 670
1662376650085 0.07278027385473251 671
1662376651314 0.039776161313056946 672
1662376652589 0.0696602612733841 673
1662376653915 0.05001340061426163 674
1662376655116 0.0711258128285408 675
1662376656371 0.07301470637321472 676
1662376657681 0.12244337052106857 677
1662376658991 0.07917122542858124 678
1662376660226 0.1230180636048317 679
1662376661486 0.08138974010944366 680
1662376662781 0.043726690113544464 681
1662376664057 0.059339847415685654 682
1662376665298 0.06753142178058624 683
1662376666568 0.09913194924592972 684
1662376667836 0.03196243941783905 685
1662376669090 0.08145683258771896 686
1662376670353 0.0494396835565567 687
1662376671600 0.062350254505872726 688
1662376672905 0.15411926805973053 689
1662376674194 0.0697074830532074 690
1662376675435 0.05981256812810898 691
1662376676721 0.11636818200349808 692
1662376677958 0.07738116383552551 693
1662376679210 0.06628815829753876 694
1662376680445 0.03211082145571709 695
1662376681672 0.051647067070007324 696
1662376682954 0.08400097489356995 697
1662376684215 0.07809163630008698 698
1662376685440 0.05368652194738388 699
1662376686686 0.049876775592565536 700
1662376687920 0.06245226785540581 701
1662376689165 0.07591893523931503 702
1662376690417 0.06621643900871277 703
1662376691707 0.04804890602827072 704
1662376693029 0.06754304468631744 705
1662376694294 0.05523528903722763 706
1662376695560 0.06126900389790535 707
1662376696808 0.06686059385538101 708
1662376698090 0.07339974492788315 709
1662376699360 0.08653052151203156 710
1662376700641 0.11607374250888824 711
1662376701888 0.08704174309968948 712
1662376703141 0.07693365216255188 713
1662376704425 0.03740943223237991 714
1662376705782 0.023558814078569412 715
1662376707057 0.06159580498933792 716
1662376708302 0.05675767362117767 717
1662376709588 0.05363033711910248 718
1662376710869 0.1256384253501892 719
1662376712162 0.08196023106575012 720
1662376713448 0.04822974279522896 721
1662376714724 0.039640720933675766 722
1662376716005 0.08463755995035172 723
1662376717282 0.08579504489898682 724
1662376718518 0.0790763795375824 725
1662376719793 0.0529797337949276 726
1662376721087 0.03913785144686699 727
1662376722364 0.05665615573525429 728
1662376723660 0.08609801530838013 729
1662376724905 0.06238246336579323 730
1662376726162 0.11221964657306671 731
1662376727429 0.07749012112617493 732
1662376728715 0.0817953497171402 733
1662376729986 0.0725545808672905 734
1662376731273 0.04652707278728485 735
1662376732518 0.04094209522008896 736
1662376733783 0.05849727988243103 737
1662376734997 0.10235635936260223 738
1662376736273 0.07126227021217346 739
1662376737505 0.0664617195725441 740
1662376738778 0.19975489377975464 741
1662376740038 0.05637556314468384 742
1662376741312 0.06976824998855591 743
1662376742580 0.04462882876396179 744
1662376743849 0.10711563378572464 745
1662376745089 0.054363053292036057 746
1662376746312 0.06178741157054901 747
1662376747586 0.059697866439819336 748
1662376748855 0.039183683693408966 749
1662376750111 0.05713465064764023 750
1662376751408 0.06441008299589157 751
1662376752665 0.05900948494672775 752
1662376753928 0.05140990391373634 753
1662376755226 0.03169219195842743 754
1662376756499 0.05077974498271942 755
1662376757736 0.07642218470573425 756
1662376759023 0.07700737565755844 757
1662376760282 0.05701817572116852 758
1662376761592 0.04850443825125694 759
1662376762853 0.06318946182727814 760
1662376764110 0.11446917802095413 761
1662376765384 0.07388150691986084 762
1662376766746 0.09944465756416321 763
1662376767993 0.047290585935115814 764
1662376769245 0.055140167474746704 765
1662376770538 0.054626185446977615 766
1662376771823 0.028432482853531837 767
1662376773055 0.08102325350046158 768
1662376774319 0.060149185359478 769
1662376775574 0.054715484380722046 770
1662376776844 0.0610242560505867 771
1662376778113 0.054337531328201294 772
1662376779370 0.053563397377729416 773
1662376780581 0.07414959371089935 774
1662376781816 0.09240750968456268 775
1662376783063 0.03685721009969711 776
1662376784312 0.10497285425662994 777
1662376785575 0.09622542560100555 778
1662376786857 0.05744053050875664 779
1662376788102 0.06922008097171783 780
1662376789400 0.08899962902069092 781
1662376790670 0.09006018936634064 782
1662376791927 0.09942959249019623 783
1662376793218 0.043387122452259064 784
1662376794523 0.0850018635392189 785
1662376795818 0.18099075555801392 786
1662376797089 0.0728667676448822 787
1662376798348 0.05188882350921631 788
1662376799642 0.06278212368488312 789
1662376800911 0.04463136941194534 790
1662376802182 0.06255218386650085 791
1662376803458 0.029635008424520493 792
1662376804725 0.07469958811998367 793
1662376805989 0.21700996160507202 794
1662376807215 0.04532615840435028 795
1662376808439 0.057765137404203415 796
1662376809690 0.07078389078378677 797
1662376810960 0.05236709117889404 798
1662376811714 0.048192091286182404 799
