1662375794579 0.032257627695798874 0
1662375795782 0.021191822364926338 1
1662375797160 0.011350973509252071 2
1662375798418 0.0878601223230362 3
1662375799680 0.022460278123617172 4
1662375800894 0.009194141253829002 5
1662375802133 0.044169794768095016 6
1662375803404 0.029247354716062546 7
1662375804671 0.017303284257650375 8
1662375805923 0.02883152663707733 9
1662375807169 0.02269652672111988 10
1662375808416 0.04392455518245697 11
1662375809671 0.015022676438093185 12
1662375810958 0.027902865782380104 13
1662375812178 0.012121176347136497 14
1662375813403 0.019362201914191246 15
1662375814656 0.03761487454175949 16
1662375815886 0.04552602395415306 17
1662375817192 0.013121383264660835 18
1662375818462 0.02286471612751484 19
1662375819727 0.04266666620969772 20
1662375821046 0.030870141461491585 21
1662375822328 0.049894072115421295 22
1662375823569 0.1170242428779602 23
1662375824809 0.020062755793333054 24
1662375826069 0.020409710705280304 25
1662375827274 0.03554769232869148 26
1662375828560 0.06759839504957199 27
1662375829817 0.036070846021175385 28
1662375831073 0.02279943786561489 29
1662375832338 0.007701940834522247 30
1662375833618 0.019375065341591835 31
1662375834866 0.02044571563601494 32
1662375836136 0.03819934278726578 33
1662375837378 0.016199149191379547 34
1662375838636 0.03563755378127098 35
1662375839898 0.016666077077388763 36
1662375841152 0.019296806305646896 37
1662375842434 0.04393254965543747 38
1662375843698 0.016639767214655876 39
1662375845017 0.01889065094292164 40
1662375846312 0.10097620636224747 41
1662375847600 0.012643219903111458 42
1662375848879 0.04925202205777168 43
1662375850120 0.06058386713266373 44
1662375851419 0.013502188958227634 45
1662375852679 0.018091177567839622 46
1662375853934 0.0314202755689621 47
1662375855193 0.0338825061917305 48
1662375856459 0.04600907117128372 49
1662375857733 0.029375601559877396 50
1662375859020 0.010733810253441334 51
1662375860316 0.046835944056510925 52
1662375861657 0.030186448246240616 53
1662375862929 0.013759942725300789 54
1662375864189 0.04652237519621849 55
1662375865482 0.020163752138614655 56
1662375866754 0.07145971059799194 57
1662375868064 0.012459034100174904 58
1662375869307 0.011625170707702637 59
1662375870596 0.0342576764523983 60
1662375871909 0.02658495306968689 61
1662375873288 0.012861309573054314 62
1662375874560 0.026638736948370934 63
1662375875816 0.029821330681443214 64
1662375877094 0.02643314003944397 65
1662375878336 0.007385473232716322 66
1662375879609 0.02615155465900898 67
1662375880901 0.0069073582999408245 68
1662375882166 0.021345144137740135 69
1662375883453 0.044043801724910736 70
1662375884722 0.05714971572160721 71
1662375885954 0.025430206209421158 72
1662375887232 0.05772477760910988 73
1662375888491 0.031087828800082207 74
1662375889764 0.024362174794077873 75
1662375891047 0.007783639244735241 76
1662375892301 0.011205647140741348 77
1662375893549 0.02720808982849121 78
1662375894831 0.007498615421354771 79
1662375896079 0.054510150104761124 80
1662375897432 0.020576823502779007 81
1662375898732 0.08360288292169571 82
1662375899983 0.020266499370336533 83
1662375901289 0.025806555524468422 84
1662375902569 0.15620338916778564 85
1662375903848 0.012430393137037754 86
1662375905113 0.015074503608047962 87
1662375906404 0.02544885128736496 88
1662375907666 0.008000949397683144 89
1662375908936 0.052977148443460464 90
1662375910207 0.12148633599281311 91
1662375911501 0.02155814878642559 92
1662375912767 0.010646618902683258 93
1662375914046 0.0512201189994812 94
1662375915333 0.02633468247950077 95
1662375916612 0.012160612270236015 96
1662375917913 0.007100009825080633 97
1662375919216 0.010818712413311005 98
1662375920516 0.10551448166370392 99
1662375921815 0.011235122568905354 100
1662375923096 0.014449473470449448 101
1662375924365 0.032427363097667694 102
1662375925715 0.020402077585458755 103
1662375927004 0.06235891208052635 104
1662375928320 0.015039588324725628 105
1662375929630 0.012079508043825626 106
1662375930914 0.010771126486361027 107
1662375932261 0.01987186260521412 108
1662375933546 0.03455484285950661 109
1662375934810 0.00687614968046546 110
1662375936093 0.005509182345122099 111
1662375937384 0.08047154545783997 112
1662375938643 0.03446456044912338 113
1662375939914 0.01349418144673109 114
1662375941222 0.014565004967153072 115
1662375942490 0.03260035440325737 116
1662375943702 0.044928740710020065 117
1662375944954 0.07425472140312195 118
1662375946259 0.02997218258678913 119
1662375947542 0.05923626199364662 120
1662375948824 0.002314867451786995 121
1662375950109 0.020880861207842827 122
1662375951403 0.006463445257395506 123
1662375952644 0.041654422879219055 124
1662375953957 0.028757352381944656 125
1662375955206 0.007682072930037975 126
1662375956494 0.011260627768933773 127
1662375957803 0.03349880129098892 128
1662375959066 0.02419489249587059 129
1662375960332 0.01813570037484169 130
1662375961565 0.051137421280145645 131
1662375962826 0.03984935209155083 132
1662375964118 0.03931831568479538 133
1662375965398 0.039018865674734116 134
1662375966684 0.01710735447704792 135
1662375967985 0.018535317853093147 136
1662375969270 0.012958953157067299 137
1662375970542 0.01000846829265356 138
1662375971829 0.01572972536087036 139
1662375973124 0.02616218291223049 140
1662375974403 0.02073514088988304 141
1662375975679 0.04606457054615021 142
1662375976962 0.026456844061613083 143
1662375978213 0.05309828370809555 144
1662375979497 0.1271846443414688 145
1662375980727 0.015993263572454453 146
1662375982016 0.008663746528327465 147
1662375983265 0.029221974313259125 148
1662375984510 0.01910114474594593 149
1662375985777 0.008206412196159363 150
1662375987056 0.014979887753725052 151
1662375988324 0.03057079203426838 152
1662375989631 0.003793835872784257 153
1662375990923 0.04083586484193802 154
1662375992214 0.04429806023836136 155
1662375993492 0.007258775644004345 156
1662375994792 0.010860959999263287 157
1662375996059 0.017759347334504128 158
1662375997355 0.029288988560438156 159
1662375998599 0.034237176179885864 160
1662375999860 0.05008774995803833 161
1662376001104 0.2294033318758011 162
1662376002410 0.02654985524713993 163
1662376003713 0.03169182687997818 164
1662376004973 0.027401668950915337 165
1662376006219 0.050230544060468674 166
1662376007479 0.008465650491416454 167
1662376008754 0.05069296807050705 168
1662376010033 0.04343748465180397 169
1662376011308 0.006500213406980038 170
1662376012636 0.008338280953466892 171
1662376013936 0.04317743703722954 172
1662376015244 0.02849637158215046 173
1662376016544 0.0366007536649704 174
1662376017795 0.02009662613272667 175
1662376019074 0.040906697511672974 176
1662376020347 0.006364256609231234 177
1662376021628 0.022841788828372955 178
1662376022917 0.03315521031618118 179
1662376024221 0.0038357749581336975 180
1662376025525 0.04056181386113167 181
1662376026852 0.1159491017460823 182
1662376028154 0.027211610227823257 183
1662376029429 0.025471415370702744 184
1662376030690 0.020652934908866882 185
1662376032004 0.03472652658820152 186
1662376033310 0.030765308067202568 187
1662376034585 0.055251095443964005 188
1662376035842 0.04081176593899727 189
1662376037137 0.011344242841005325 190
1662376038413 0.030575765296816826 191
1662376039693 0.008636163547635078 192
1662376040993 0.013915005140006542 193
1662376042249 0.03992500901222229 194
1662376043486 0.024970661848783493 195
1662376044773 0.02106715552508831 196
1662376046032 0.025440054014325142 197
1662376047300 0.022279338911175728 198
1662376048594 0.06213171035051346 199
1662376049837 0.018520653247833252 200
1662376051143 0.10567402839660645 201
1662376052447 0.01313278079032898 202
1662376053676 0.013993893750011921 203
1662376054957 0.047113094478845596 204
1662376056237 0.024010412395000458 205
1662376057507 0.04378610849380493 206
1662376058751 0.006364341359585524 207
1662376060018 0.06526630371809006 208
1662376061269 0.002589127514511347 209
1662376062528 0.03223806247115135 210
1662376063814 0.015667373314499855 211
1662376065105 0.010337027721107006 212
1662376066361 0.009331878274679184 213
1662376067659 0.01332338247448206 214
1662376068918 0.03620714321732521 215
1662376070217 0.020576363429427147 216
1662376071477 0.0813019722700119 217
1662376072720 0.009816288948059082 218
1662376073986 0.04795129597187042 219
1662376075256 0.04729466140270233 220
1662376076577 0.02981169894337654 221
1662376077886 0.014965877868235111 222
1662376079154 0.010217051953077316 223
1662376080444 0.013268467038869858 224
1662376081712 0.04717057943344116 225
1662376083000 0.011450536549091339 226
1662376084279 0.04643632471561432 227
1662376085536 0.020569730550050735 228
1662376086800 0.04799041152000427 229
1662376088123 0.1266854703426361 230
1662376089396 0.013375268317759037 231
1662376090666 0.019114473834633827 232
1662376091942 0.009436546824872494 233
1662376093226 0.02281855046749115 234
1662376094461 0.011689573526382446 235
1662376095735 0.01814793422818184 236
1662376097010 0.023670023307204247 237
1662376098249 0.005160723812878132 238
1662376099561 0.019985433667898178 239
1662376100812 0.08378640562295914 240
1662376102081 0.16589729487895966 241
1662376103344 0.023760991171002388 242
1662376104575 0.014440838247537613 243
1662376105836 0.03878779336810112 244
1662376107111 0.006449732929468155 245
1662376108391 0.016758672893047333 246
1662376109681 0.016964131966233253 247
1662376110904 0.014943964779376984 248
1662376112197 0.030340777710080147 249
1662376113505 0.03333093598484993 250
1662376114765 0.006678253877907991 251
1662376116019 0.022688264027237892 252
1662376117281 0.03304935619235039 253
1662376118567 0.02172495797276497 254
1662376119878 0.010525892488658428 255
1662376121120 0.008037685416638851 256
1662376122397 0.01198263093829155 257
1662376123686 0.02176377922296524 258
1662376124947 0.006708354223519564 259
1662376126185 0.035727910697460175 260
1662376127436 0.041924625635147095 261
1662376128713 0.04267612844705582 262
1662376129936 0.01994875818490982 263
1662376131172 0.011440450325608253 264
1662376132435 0.005088283214718103 265
1662376133699 0.030431944876909256 266
1662376134951 0.014678312465548515 267
1662376136232 0.07656152546405792 268
1662376137518 0.03380125015974045 269
1662376138788 0.011418882757425308 270
1662376140055 0.02869497798383236 271
1662376141331 0.006787545047700405 272
1662376142612 0.033266615122556686 273
1662376143842 0.016206422820687294 274
1662376145146 0.014359595254063606 275
1662376146447 0.011068928055465221 276
1662376147723 0.031131384894251823 277
1662376149007 0.026624858379364014 278
1662376150296 0.14141328632831573 279
1662376151569 0.015711072832345963 280
1662376152882 0.057782530784606934 281
1662376154103 0.0036062581930309534 282
1662376155385 0.0223054438829422 283
1662376156661 0.032631102949380875 284
1662376157941 0.024289675056934357 285
1662376159201 0.03749876469373703 286
1662376160493 0.02663525938987732 287
1662376161751 0.016834769397974014 288
1662376163052 0.01055063121020794 289
1662376164324 0.022301411256194115 290
1662376165625 0.016731800511479378 291
1662376166878 0.03676096349954605 292
1662376168163 0.012737629003822803 293
1662376169454 0.014201637357473373 294
1662376170759 0.005309987813234329 295
1662376172064 0.04183513671159744 296
1662376173331 0.015603557229042053 297
1662376174590 0.0244420375674963 298
1662376175935 0.017462382093071938 299
1662376177184 0.09250421077013016 300
1662376178480 0.017441870644688606 301
1662376179779 0.03069690242409706 302
1662376181028 0.008788825944066048 303
1662376182266 0.10359987616539001 304
1662376183537 0.03308286517858505 305
1662376184802 0.0184230525046587 306
1662376186072 0.008608871139585972 307
1662376187381 0.012182941660284996 308
1662376188652 0.0534772165119648 309
1662376189923 0.019850529730319977 310
1662376191171 0.014684664085507393 311
1662376192434 0.0257270410656929 312
1662376193736 0.03427750617265701 313
1662376195023 0.05947558954358101 314
1662376196337 0.01115973386913538 315
1662376197603 0.040123350918293 316
1662376198839 0.03134983777999878 317
1662376200137 0.005733214784413576 318
1662376201419 0.018177658319473267 319
1662376202695 0.010457332246005535 320
1662376204000 0.018335571512579918 321
1662376205263 0.004697849042713642 322
1662376206626 0.013967787846922874 323
1662376207937 0.006944193039089441 324
1662376209198 0.030178826302289963 325
1662376210499 0.010442986153066158 326
1662376211746 0.031847529113292694 327
1662376213003 0.01623445935547352 328
1662376214263 0.018664022907614708 329
1662376215564 0.033347632735967636 330
1662376216818 0.0191626138985157 331
1662376218084 0.05416533350944519 332
1662376219341 0.0284284558147192 333
1662376220604 0.018207166343927383 334
1662376221901 0.017296845093369484 335
1662376223231 0.10023833066225052 336
1662376224519 0.12145176529884338 337
1662376225783 0.0937102884054184 338
1662376227041 0.01790395937860012 339
1662376228325 0.0071983798407018185 340
1662376229592 0.03524143993854523 341
1662376230912 0.011346705257892609 342
1662376232196 0.023149237036705017 343
1662376233509 0.0431097112596035 344
1662376234787 0.023607758805155754 345
1662376236034 0.00719484593719244 346
1662376237291 0.04006790742278099 347
1662376238608 0.041447728872299194 348
1662376239901 0.02690466120839119 349
1662376241181 0.021975567564368248 350
1662376242443 0.03342122584581375 351
1662376243722 0.0070347897708415985 352
1662376244983 0.013469836674630642 353
1662376246269 0.014735725708305836 354
1662376247552 0.01619528792798519 355
1662376248833 0.015465090051293373 356
1662376250115 0.012198584154248238 357
1662376251352 0.014975323341786861 358
1662376252635 0.03566384315490723 359
1662376253908 0.00402728421613574 360
1662376255164 0.020796507596969604 361
1662376256459 0.03296758234500885 362
1662376257758 0.01138350460678339 363
1662376259042 0.017996571958065033 364
1662376260308 0.010588659904897213 365
1662376261619 0.0313878208398819 366
1662376262923 0.015488824807107449 367
1662376264225 0.008551007136702538 368
1662376265487 0.03347843885421753 369
1662376266762 0.045729219913482666 370
1662376268029 0.0018954714760184288 371
1662376269282 0.08907143771648407 372
1662376270543 0.09198953211307526 373
1662376271782 0.0773438885807991 374
1662376273078 0.015507143922150135 375
1662376274374 0.022214872762560844 376
1662376275647 0.01524127833545208 377
1662376276926 0.009280365891754627 378
1662376278191 0.034073032438755035 379
1662376279465 0.028181668370962143 380
1662376280714 0.026792561635375023 381
1662376282035 0.015734244138002396 382
1662376283321 0.02540290169417858 383
1662376284588 0.014195412397384644 384
1662376285896 0.010133063420653343 385
1662376287178 0.0063252998515963554 386
1662376288417 0.0402204729616642 387
1662376289701 0.047446608543395996 388
1662376291008 0.006172890309244394 389
1662376292279 0.03142312169075012 390
1662376293531 0.026357989758253098 391
1662376294755 0.0022324235178530216 392
1662376295999 0.1144319400191307 393
1662376297268 0.02299393340945244 394
1662376298525 0.012780300341546535 395
1662376299789 0.004278042819350958 396
1662376301068 0.008143718354403973 397
1662376302320 0.012734823860228062 398
1662376303629 0.019924819469451904 399
1662376304887 0.03844967111945152 400
1662376306169 0.02717047929763794 401
1662376307489 0.038203828036785126 402
1662376308813 0.011829053051769733 403
1662376310070 0.03258606791496277 404
1662376311348 0.0799911618232727 405
1662376312632 0.025689423084259033 406
1662376313929 0.027124885469675064 407
1662376315177 0.007383002433925867 408
1662376316474 0.013541562482714653 409
1662376317760 0.03380296006798744 410
1662376319055 0.03431430086493492 411
1662376320343 0.006302210036665201 412
1662376321604 0.03231767937541008 413
1662376322874 0.009649770334362984 414
1662376324130 0.036897193640470505 415
1662376325368 0.009665724821388721 416
1662376326665 0.01448553241789341 417
1662376327899 0.01660892739892006 418
1662376329146 0.012109910137951374 419
1662376330388 0.036629818379879 420
1662376331668 0.04407348483800888 421
1662376332932 0.03922947868704796 422
1662376334176 0.02926938235759735 423
1662376335458 0.014616072177886963 424
1662376336746 0.09501678496599197 425
1662376338024 0.01442545186728239 426
1662376339268 0.017673207446932793 427
1662376340503 0.012397777289152145 428
1662376341790 0.006104425527155399 429
1662376343052 0.01931142434477806 430
1662376344307 0.01609743759036064 431
1662376345574 0.02395317703485489 432
1662376346789 0.10273011773824692 433
1662376348031 0.03598431870341301 434
1662376349251 0.03750224784016609 435
1662376350512 0.03619508072733879 436
1662376351763 0.039429742842912674 437
1662376353065 0.024821152910590172 438
1662376354297 0.012268546968698502 439
1662376355572 0.03755598142743111 440
1662376356864 0.0193474180996418 441
1662376358123 0.025545265525579453 442
1662376359432 0.0054497988894581795 443
1662376360687 0.005864056758582592 444
1662376361937 0.01109267957508564 445
1662376363201 0.09043392539024353 446
1662376364481 0.01934370957314968 447
1662376365760 0.028960634022951126 448
1662376367033 0.016358032822608948 449
1662376368270 0.02522493712604046 450
1662376369528 0.008910449221730232 451
1662376370777 0.05109770968556404 452
1662376372066 0.013419153168797493 453
1662376373323 0.030691657215356827 454
1662376374576 0.03162779286503792 455
1662376375843 0.01917526125907898 456
1662376377137 0.02078579179942608 457
1662376378455 0.058677226305007935 458
1662376379835 0.04088215529918671 459
1662376381143 0.009257400408387184 460
1662376382485 0.006181563716381788 461
1662376383701 0.0031174335163086653 462
1662376384975 0.004839260131120682 463
1662376386252 0.09779663383960724 464
1662376387611 0.02092076651751995 465
1662376388901 0.034090977162122726 466
1662376390200 0.01371358148753643 467
1662376391476 0.008558057248592377 468
1662376392740 0.009662880562245846 469
1662376394025 0.043181128799915314 470
1662376395323 0.007520594634115696 471
1662376396595 0.023425640538334846 472
1662376397867 0.0769803449511528 473
1662376399096 0.009482870809733868 474
1662376400382 0.024397464469075203 475
1662376401726 0.022701723501086235 476
1662376402990 0.016222121194005013 477
1662376404243 0.023513127118349075 478
1662376405512 0.009202259592711926 479
1662376406787 0.015442434698343277 480
1662376408061 0.012498880736529827 481
1662376409311 0.024476876482367516 482
1662376410577 0.01821836829185486 483
1662376411845 0.03129788115620613 484
1662376413138 0.024342410266399384 485
1662376414392 0.04094071686267853 486
1662376415635 0.012748737819492817 487
1662376416887 0.017302008345723152 488
1662376418164 0.052898477762937546 489
1662376419423 0.022426920011639595 490
1662376420708 0.05591396242380142 491
1662376421911 0.035239752382040024 492
1662376423196 0.03692152351140976 493
1662376424444 0.010121310129761696 494
1662376425795 0.07654374092817307 495
1662376427054 0.028099026530981064 496
1662376428267 0.010478032752871513 497
1662376429543 0.009420467540621758 498
1662376430799 0.021249795332551003 499
1662376432015 0.02450118586421013 500
1662376433282 0.05816991254687309 501
1662376434522 0.02846761792898178 502
1662376435783 0.012864666990935802 503
1662376437045 0.009895083494484425 504
1662376438327 0.06651116162538528 505
1662376439592 0.015612429939210415 506
1662376440868 0.043892279267311096 507
1662376442147 0.017290381714701653 508
1662376443397 0.008847584016621113 509
1662376444638 0.021143518388271332 510
1662376445899 0.019444512203335762 511
1662376447113 0.013459546491503716 512
1662376448379 0.009797168895602226 513
1662376449702 0.021522535011172295 514
1662376450981 0.045848626643419266 515
1662376452265 0.04499462991952896 516
1662376453496 0.014953767880797386 517
1662376454734 0.003809296526014805 518
1662376456009 0.027998602017760277 519
1662376457336 0.022887462750077248 520
1662376458633 0.010063490830361843 521
1662376459877 0.006687043234705925 522
1662376461151 0.13098233938217163 523
1662376462412 0.006301735993474722 524
1662376463724 0.03381289914250374 525
1662376465029 0.04838361591100693 526
1662376466274 0.01696794107556343 527
1662376467557 0.009204917587339878 528
1662376468847 0.03325175493955612 529
1662376470148 0.012766970321536064 530
1662376471385 0.08932394534349442 531
1662376472620 0.009382320567965508 532
1662376473891 0.008557279594242573 533
1662376475192 0.07189667969942093 534
1662376476471 0.04576275125145912 535
1662376477753 0.02196776494383812 536
1662376479044 0.04790761321783066 537
1662376480314 0.007788571994751692 538
1662376481546 0.00866292417049408 539
1662376482784 0.009853136725723743 540
1662376484066 0.010531042702496052 541
1662376485352 0.0062620267271995544 542
1662376486612 0.009510548785328865 543
1662376487886 0.01471644826233387 544
1662376489172 0.013509700074791908 545
1662376490441 0.04221736267209053 546
1662376491700 0.05763730779290199 547
1662376492960 0.021191854029893875 548
1662376494200 0.031085222959518433 549
1662376495484 0.012975466437637806 550
1662376496836 0.0153135871514678 551
1662376498083 0.09107367694377899 552
1662376499386 0.025576166808605194 553
1662376500638 0.034594908356666565 554
1662376501943 0.009150182828307152 555
1662376503239 0.03786997124552727 556
1662376504510 0.024167736992239952 557
1662376505777 0.013036545366048813 558
1662376507055 0.025221791118383408 559
1662376508325 0.013064091093838215 560
1662376509612 0.03378670662641525 561
1662376510874 0.013658580370247364 562
1662376512150 0.01937991939485073 563
1662376513429 0.031364694237709045 564
1662376514694 0.004696682095527649 565
1662376515930 0.011755341663956642 566
1662376517226 0.02443775162100792 567
1662376518527 0.008438917808234692 568
1662376519876 0.042513083666563034 569
1662376521157 0.11320440471172333 570
1662376522437 0.0907435193657875 571
1662376523734 0.018406029790639877 572
1662376525020 0.010013235732913017 573
1662376526317 0.00631185295060277 574
1662376527583 0.01777729205787182 575
1662376528860 0.057190947234630585 576
1662376530152 0.04025381803512573 577
1662376531392 0.03558480739593506 578
1662376532694 0.025991424918174744 579
1662376533995 0.017005247995257378 580
1662376535261 0.048269644379615784 581
1662376536520 0.05135190114378929 582
1662376537804 0.03807303309440613 583
1662376539049 0.004562591668218374 584
1662376540334 0.015605091117322445 585
1662376541550 0.04793528467416763 586
1662376542796 0.023670485243201256 587
1662376544040 0.007989384233951569 588
1662376545333 0.0206496212631464 589
1662376546603 0.009863260202109814 590
1662376547903 0.024408956989645958 591
1662376549169 0.010872747749090195 592
1662376550441 0.026102403178811073 593
1662376551684 0.007790988311171532 594
1662376552937 0.02314092218875885 595
1662376554203 0.016998514533042908 596
1662376555478 0.0140682989731431 597
1662376556814 0.0066354889422655106 598
1662376558080 0.0058133783750236034 599
1662376559362 0.08712798357009888 600
1662376560674 0.10661463439464569 601
1662376561922 0.02895025908946991 602
1662376563200 0.01737038418650627 603
1662376564410 0.018813367933034897 604
1662376565685 0.01785506121814251 605
1662376566967 0.006571572739630938 606
1662376568271 0.0030330882873386145 607
1662376569537 0.030267678201198578 608
1662376570836 0.026913581416010857 609
1662376572123 0.01096753403544426 610
1662376573415 0.039848122745752335 611
1662376574663 0.04057197645306587 612
1662376575930 0.01302977092564106 613
1662376577248 0.018140321597456932 614
1662376578495 0.029379669576883316 615
1662376579781 0.04068765416741371 616
1662376581047 0.017406528815627098 617
1662376582334 0.03728779777884483 618
1662376583649 0.005117897875607014 619
1662376584918 0.04030928015708923 620
1662376586248 0.006053176708519459 621
1662376587554 0.03792912885546684 622
1662376588904 0.022167442366480827 623
1662376590176 0.028652234002947807 624
1662376591411 0.0120687959715724 625
1662376592645 0.05881913751363754 626
1662376593922 0.10130544006824493 627
1662376595179 0.012413937598466873 628
1662376596449 0.03758135065436363 629
1662376597800 0.0334492102265358 630
1662376599077 0.007079823408275843 631
1662376600331 0.015389670617878437 632
1662376601629 0.01886497065424919 633
1662376602905 0.03338070958852768 634
1662376604139 0.02130960300564766 635
1662376605377 0.10781852155923843 636
1662376606607 0.012863678857684135 637
1662376607899 0.012348879128694534 638
1662376609198 0.004408297128975391 639
1662376610471 0.13660362362861633 640
1662376611766 0.0412161760032177 641
1662376613024 0.03347236290574074 642
1662376614254 0.02615373581647873 643
1662376615538 0.012240760028362274 644
1662376616815 0.005776566918939352 645
1662376618044 0.019627608358860016 646
1662376619319 0.005615523084998131 647
1662376620623 0.05140378326177597 648
1662376621943 0.010669248178601265 649
1662376623214 0.026999743655323982 650
1662376624489 0.022061146795749664 651
1662376625782 0.03217214718461037 652
1662376627060 0.024953847751021385 653
1662376628354 0.038884636014699936 654
1662376629612 0.018343931064009666 655
1662376630911 0.03128323704004288 656
1662376632167 0.03688166290521622 657
1662376633451 0.017569681629538536 658
1662376634715 0.04259123653173447 659
1662376635990 0.006618014536798 660
1662376637241 0.022313181310892105 661
1662376638522 0.00909523107111454 662
1662376639822 0.027818193659186363 663
1662376641106 0.08904892206192017 664
1662376642384 0.011945257894694805 665
1662376643703 0.03633280470967293 666
1662376644966 0.02158406749367714 667
1662376646235 0.006569020450115204 668
1662376647493 0.016445545479655266 669
1662376648780 0.05468998849391937 670
1662376650084 0.016040924936532974 671
1662376651313 0.021579090505838394 672
1662376652588 0.05596612021327019 673
1662376653914 0.010197902098298073 674
1662376655115 0.022946307435631752 675
1662376656371 0.01808137260377407 676
1662376657680 0.10247869789600372 677
1662376658990 0.04634778946638107 678
1662376660226 0.037247613072395325 679
1662376661485 0.025993457064032555 680
1662376662781 0.010961013846099377 681
1662376664057 0.026269815862178802 682
1662376665297 0.02883451245725155 683
1662376666568 0.033221516758203506 684
1662376667835 0.0032212473452091217 685
1662376669090 0.04674071818590164 686
1662376670353 0.017200397327542305 687
1662376671599 0.01302869338542223 688
1662376672904 0.14710721373558044 689
1662376674193 0.01515513937920332 690
1662376675434 0.010359421372413635 691
1662376676720 0.11331996321678162 692
1662376677957 0.03744653984904289 693
1662376679210 0.0023941276594996452 694
1662376680444 0.006987935397773981 695
1662376681671 0.00486362399533391 696
1662376682953 0.015191491693258286 697
1662376684214 0.020251598209142685 698
1662376685439 0.0133441723883152 699
1662376686685 0.03344578668475151 700
1662376687919 0.008190368302166462 701
1662376689164 0.028300035744905472 702
1662376690417 0.01256992481648922 703
1662376691706 0.018088432028889656 704
1662376693028 0.008336366154253483 705
1662376694294 0.0206060241907835 706
1662376695559 0.004636234603822231 707
1662376696807 0.012375029735267162 708
1662376698089 0.028518330305814743 709
1662376699359 0.01750904694199562 710
1662376700641 0.11473531275987625 711
1662376701888 0.010755665600299835 712
1662376703140 0.028060097247362137 713
1662376704424 0.0016791169764474034 714
1662376705782 0.016244960948824883 715
1662376707056 0.029554756358265877 716
1662376708301 0.020516425371170044 717
1662376709587 0.016079362481832504 718
1662376710868 0.049303650856018066 719
1662376712161 0.021182317286729813 720
1662376713448 0.019672546535730362 721
1662376714723 0.005752155557274818 722
1662376716004 0.12672007083892822 723
1662376717281 0.009559993632137775 724
1662376718517 0.018430789932608604 725
1662376719793 0.007327219471335411 726
1662376721087 0.006842196919023991 727
1662376722363 0.007454628124833107 728
1662376723659 0.03885018825531006 729
1662376724904 0.005349146667867899 730
1662376726162 0.026465117931365967 731
1662376727428 0.019378995522856712 732
1662376728715 0.039166148751974106 733
1662376729985 0.026292841881513596 734
1662376731272 0.025196824222803116 735
1662376732518 0.018902454525232315 736
1662376733783 0.030568942427635193 737
1662376734996 0.0330757237970829 738
1662376736272 0.026016104966402054 739
1662376737504 0.015020769089460373 740
1662376738778 0.18025308847427368 741
1662376740037 0.022516686469316483 742
1662376741312 0.01659405045211315 743
1662376742579 0.005692510399967432 744
1662376743849 0.025506867095828056 745
1662376745089 0.014391397126019001 746
1662376746312 0.028170181438326836 747
1662376747586 0.012692891061306 748
1662376748855 0.0064492495730519295 749
1662376750111 0.020506972447037697 750
1662376751407 0.01505263987928629 751
1662376752664 0.01446928083896637 752
1662376753927 0.007685799617320299 753
1662376755226 0.0037860923912376165 754
1662376756498 0.009093690663576126 755
1662376757736 0.06532123684883118 756
1662376759023 0.018989883363246918 757
1662376760281 0.007156199775636196 758
1662376761592 0.015416800044476986 759
1662376762852 0.05893513187766075 760
1662376764110 0.049824997782707214 761
1662376765383 0.01873641274869442 762
1662376766746 0.04165320470929146 763
1662376767992 0.007706041913479567 764
1662376769245 0.011751203797757626 765
1662376770537 0.0020889791194349527 766
1662376771822 0.006268080323934555 767
1662376773054 0.1307244449853897 768
1662376774318 0.02027197927236557 769
1662376775574 0.007602710276842117 770
1662376776844 0.013690763153135777 771
1662376778113 0.014040735550224781 772
1662376779369 0.017500633373856544 773
1662376780580 0.03411585092544556 774
1662376781816 0.037631310522556305 775
1662376783062 0.0033532369416207075 776
1662376784312 0.03196663782000542 777
1662376785574 0.045371733605861664 778
1662376786857 0.03126265108585358 779
1662376788101 0.009133686311542988 780
1662376789399 0.0235332902520895 781
1662376790670 0.028873279690742493 782
1662376791926 0.018730629235506058 783
1662376793217 0.0058999196626245975 784
1662376794523 0.016983572393655777 785
1662376795817 0.07833971828222275 786
1662376797089 0.03453507274389267 787
1662376798348 0.012637275271117687 788
1662376799642 0.018128814175724983 789
1662376800911 0.02670426294207573 790
1662376802181 0.009798363782465458 791
1662376803457 0.005581491161137819 792
1662376804724 0.0232593584805727 793
1662376805988 0.07557515054941177 794
1662376807214 0.0036059569101780653 795
1662376808438 0.032347485423088074 796
1662376809689 0.054572854191064835 797
1662376810959 0.008075257763266563 798
1662376811712 0.011319214478135109 799
