1662375794581 0.015174029394984245 0
1662375795785 0.0029418885242193937 1
1662375797163 0.0042232731357216835 2
1662375798420 0.004592866636812687 3
1662375799682 0.010851830244064331 4
1662375800897 0.001443563844077289 5
1662375802136 0.004709004424512386 6
1662375803406 0.00988861359655857 7
1662375804674 0.00384030444547534 8
1662375805925 0.0016028168611228466 9
1662375807172 0.0061272624880075455 10
1662375808418 0.004967661574482918 11
1662375809674 0.002798114437609911 12
1662375810961 0.005900497082620859 13
1662375812181 0.007297602482140064 14
1662375813406 0.0024599095340818167 15
1662375814659 0.0023295648861676455 16
1662375815889 0.031573519110679626 17
1662375817194 0.006935564335435629 18
1662375818465 0.003386319614946842 19
1662375819730 0.002908099675551057 20
1662375821048 0.008582070469856262 21
1662375822331 0.03705589473247528 22
1662375823572 0.014148800633847713 23
1662375824812 0.0017951701302081347 24
1662375826072 0.004347958602011204 25
1662375827277 0.00420758593827486 26
1662375828562 0.005033731460571289 27
1662375829819 0.0033906379248946905 28
1662375831075 0.008857928216457367 29
1662375832341 0.002371919807046652 30
1662375833620 0.003316202200949192 31
1662375834868 0.002610240364447236 32
1662375836138 0.0006612814031541348 33
1662375837381 0.0040531279519200325 34
1662375838639 0.007441326510161161 35
1662375839900 0.005028162617236376 36
1662375841155 0.00290815532207489 37
1662375842438 0.010094761848449707 38
1662375843702 0.01257811114192009 39
1662375845020 0.001458347076550126 40
1662375846314 0.0041239638812839985 41
1662375847603 0.0010902977082878351 42
1662375848882 0.003036022651940584 43
1662375850122 0.006573278922587633 44
1662375851421 0.0005287834210321307 45
1662375852682 0.0020473578479140997 46
1662375853937 0.024247964844107628 47
1662375855196 0.002450375584885478 48
1662375856462 0.0037265950813889503 49
1662375857736 0.004272862803190947 50
1662375859023 0.0024619163013994694 51
1662375860318 0.006172113120555878 52
1662375861660 0.009928777813911438 53
1662375862932 0.004359576851129532 54
1662375864191 0.0579758919775486 55
1662375865485 0.002627639565616846 56
1662375866756 0.006036707200109959 57
1662375868067 0.0035067712888121605 58
1662375869309 0.0012203226797282696 59
1662375870599 0.005048162303864956 60
1662375871911 0.0143358763307333 61
1662375873291 0.0014428967842832208 62
1662375874563 0.0033683928195387125 63
1662375875818 0.0020000499207526445 64
1662375877096 0.012890568003058434 65
1662375878338 0.002095582662150264 66
1662375879611 0.003142967354506254 67
1662375880903 0.0016413041157647967 68
1662375882168 0.005967424716800451 69
1662375883456 0.0041855210438370705 70
1662375884725 0.009417264722287655 71
1662375885957 0.0026634330861270428 72
1662375887235 0.01294872909784317 73
1662375888494 0.003289648797363043 74
1662375889766 0.007189893163740635 75
1662375891050 0.002044147113338113 76
1662375892304 0.0014688484370708466 77
1662375893551 0.0014475935604423285 78
1662375894833 0.0023245965130627155 79
1662375896082 0.0509759783744812 80
1662375897435 0.0012353992788121104 81
1662375898735 0.004627445712685585 82
1662375899986 0.01611911877989769 83
1662375901292 0.005015520844608545 84
1662375902572 0.010185495018959045 85
1662375903850 0.0022795279510319233 86
1662375905115 0.0036250094417482615 87
1662375906407 0.0032991196494549513 88
1662375907668 0.0011895662173628807 89
1662375908939 0.009377540089190006 90
1662375910209 0.007873878814280033 91
1662375911503 0.0015826072776690125 92
1662375912770 0.002833425998687744 93
1662375914048 0.045226290822029114 94
1662375915335 0.001739376224577427 95
1662375916615 0.0015230565331876278 96
1662375917916 0.0011053216876462102 97
1662375919219 0.0017703002085909247 98
1662375920519 0.003989722114056349 99
1662375921818 0.004189407918602228 100
1662375923099 0.0038420632481575012 101
1662375924367 0.005587116349488497 102
1662375925718 0.0019282547291368246 103
1662375927006 0.00481069041416049 104
1662375928322 0.002928059548139572 105
1662375929633 0.0020377696491777897 106
1662375930917 0.0035273260436952114 107
1662375932264 0.001314983586780727 108
1662375933549 0.005430051125586033 109
1662375934812 0.001985638402402401 110
1662375936095 0.00200152350589633 111
1662375937387 0.040049828588962555 112
1662375938646 0.01396426372230053 113
1662375939916 0.0026468003634363413 114
1662375941225 0.003445559646934271 115
1662375942492 0.00568306352943182 116
1662375943705 0.0014789887936785817 117
1662375944956 0.001239736215211451 118
1662375946261 0.015757212415337563 119
1662375947544 0.0028746891766786575 120
1662375948826 0.001076081651262939 121
1662375950112 0.0007297164993360639 122
1662375951406 0.000618163903709501 123
1662375952646 0.0024143385235220194 124
1662375953960 0.002767997793853283 125
1662375955209 0.003131893929094076 126
1662375956496 0.0042902687564492226 127
1662375957806 0.004227757919579744 128
1662375959069 0.0030510295182466507 129
1662375960334 0.002277274150401354 130
1662375961567 0.003478563856333494 131
1662375962828 0.012382486835122108 132
1662375964121 0.0017783439252525568 133
1662375965400 0.004272926598787308 134
1662375966687 0.0014088365714997053 135
1662375967987 0.002425343729555607 136
1662375969273 0.008022312074899673 137
1662375970544 0.001434275065548718 138
1662375971832 0.0013362066820263863 139
1662375973127 0.00267776008695364 140
1662375974406 0.0013998873764649034 141
1662375975681 0.0023798285983502865 142
1662375976965 0.0014688174705952406 143
1662375978216 0.009946707636117935 144
1662375979499 0.05070330202579498 145
1662375980729 0.00791800208389759 146
1662375982019 0.0019424429628998041 147
1662375983268 0.0050187865272164345 148
1662375984513 0.004137118346989155 149
1662375985780 0.0008204886689782143 150
1662375987058 0.002309010364115238 151
1662375988328 0.003594868816435337 152
1662375989634 0.000987252569757402 153
1662375990926 0.001101963920518756 154
1662375992217 0.0032619573175907135 155
1662375993494 0.002943598199635744 156
1662375994795 0.0010948263807222247 157
1662375996061 0.004202481359243393 158
1662375997358 0.0008358847117051482 159
1662375998602 0.006652959622442722 160
1662375999863 0.006429616361856461 161
1662376001107 0.012752758339047432 162
1662376002413 0.002961270045489073 163
1662376003715 0.005135662388056517 164
1662376004976 0.0008872380713000894 165
1662376006222 0.028418688103556633 166
1662376007481 0.0009716111235320568 167
1662376008757 0.009685555472970009 168
1662376010036 0.005341865122318268 169
1662376011311 0.0006356457015499473 170
1662376012638 0.0022725029848515987 171
1662376013939 0.007461152039468288 172
1662376015247 0.0033766785636544228 173
1662376016547 0.032482750713825226 174
1662376017798 0.0012808709871023893 175
1662376019077 0.005916431546211243 176
1662376020349 0.0014461805112659931 177
1662376021631 0.0009625436505302787 178
1662376022921 0.008843038231134415 179
1662376024224 0.0021110675297677517 180
1662376025528 0.006320941727608442 181
1662376026854 0.0021137604489922523 182
1662376028157 0.00726236030459404 183
1662376029431 0.006074076518416405 184
1662376030693 0.003616672707721591 185
1662376032007 0.0031888382509350777 186
1662376033313 0.00159399991389364 187
1662376034587 0.00593964010477066 188
1662376035845 0.0040405020117759705 189
1662376037140 0.0011967206373810768 190
1662376038415 0.00261312210932374 191
1662376039695 0.0011412722524255514 192
1662376040996 0.0011084186844527721 193
1662376042251 0.002719844225794077 194
1662376043489 0.03585361689329147 195
1662376044776 0.0018356952350586653 196
1662376046034 0.0012616249732673168 197
1662376047303 0.036571893841028214 198
1662376048597 0.004071495495736599 199
1662376049840 0.0026400929782539606 200
1662376051145 0.007761484012007713 201
1662376052449 0.0022833708208054304 202
1662376053678 0.002347399480640888 203
1662376054960 0.0072401282377541065 204
1662376056240 0.0043238261714577675 205
1662376057510 0.008481936529278755 206
1662376058754 0.0006159228505566716 207
1662376060021 0.005238684825599194 208
1662376061271 0.0010835034772753716 209
1662376062531 0.0027609053067862988 210
1662376063816 0.0014486198779195547 211
1662376065107 0.0009508853545412421 212
1662376066364 0.0064285751432180405 213
1662376067662 0.0033511535730212927 214
1662376068920 0.00329738762229681 215
1662376070220 0.003157006809487939 216
1662376071479 0.00966554693877697 217
1662376072722 0.002952040871605277 218
1662376073989 0.0027453238144516945 219
1662376075259 0.04402808099985123 220
1662376076580 0.004006565548479557 221
1662376077889 0.0033809570595622063 222
1662376079157 0.0029582171700894833 223
1662376080447 0.003540247678756714 224
1662376081714 0.005408252589404583 225
1662376083003 0.003969551995396614 226
1662376084281 0.020530931651592255 227
1662376085539 0.0027777953073382378 228
1662376086802 0.00613078149035573 229
1662376088126 0.010219691321253777 230
1662376089399 0.0023791370913386345 231
1662376090668 0.004897391889244318 232
1662376091945 0.0030549883376806974 233
1662376093229 0.006025478709489107 234
1662376094463 0.0013591310707852244 235
1662376095738 0.0010452617425471544 236
1662376097012 0.0010240422561764717 237
1662376098251 0.001484460779465735 238
1662376099565 0.004933483898639679 239
1662376100815 0.0018940417794510722 240
1662376102084 0.017913183197379112 241
1662376103346 0.012288057245314121 242
1662376104578 0.0010202741250395775 243
1662376105839 0.004611331038177013 244
1662376107114 0.0018961712485179305 245
1662376108393 0.008321171626448631 246
1662376109684 0.0008545690216124058 247
1662376110906 0.0027291506994515657 248
1662376112201 0.0013660260010510683 249
1662376113508 0.0035867313854396343 250
1662376114767 0.001278659445233643 251
1662376116022 0.007931649684906006 252
1662376117284 0.0019836509600281715 253
1662376118569 0.00590997189283371 254
1662376119881 0.0017607964109629393 255
1662376121122 0.0009874304523691535 256
1662376122400 0.0018459241837263107 257
1662376123689 0.004479579161852598 258
1662376124951 0.00037256788345985115 259
1662376126187 0.031047198921442032 260
1662376127439 0.012517120689153671 261
1662376128715 0.01116037368774414 262
1662376129939 0.010762128978967667 263
1662376131174 0.0017536201048642397 264
1662376132438 0.0007357888389378786 265
1662376133702 0.00914662517607212 266
1662376134954 0.0036283081863075495 267
1662376136235 0.005843609571456909 268
1662376137521 0.022005077451467514 269
1662376138790 0.0016904864460229874 270
1662376140058 0.003146966453641653 271
1662376141333 0.0027184966020286083 272
1662376142614 0.0031204912811517715 273
1662376143844 0.0015982012264430523 274
1662376145149 0.0034402040764689445 275
1662376146449 0.001135900616645813 276
1662376147725 0.006766801234334707 277
1662376149010 0.003412659280002117 278
1662376150298 0.006635189056396484 279
1662376151571 0.002296981867402792 280
1662376152884 0.00600375235080719 281
1662376154106 0.0007024804945103824 282
1662376155388 0.002436559647321701 283
1662376156663 0.005234290845692158 284
1662376157943 0.001178117236122489 285
1662376159203 0.002690789522603154 286
1662376160496 0.020304301753640175 287
1662376161754 0.005319901742041111 288
1662376163055 0.0017671621171757579 289
1662376164327 0.0011690128594636917 290
1662376165627 0.0018261750228703022 291
1662376166881 0.0040926141664385796 292
1662376168166 0.004029321949928999 293
1662376169457 0.0018385595176368952 294
1662376170761 0.0023781233467161655 295
1662376172067 0.013853826560080051 296
1662376173334 0.0025142719969153404 297
1662376174592 0.0014158620033413172 298
1662376175938 0.0009354725480079651 299
1662376177186 0.007137078791856766 300
1662376178483 0.0033081439323723316 301
1662376179782 0.0035803380887955427 302
1662376181031 0.00039963150629773736 303
1662376182268 0.004531722981482744 304
1662376183540 0.001366081298328936 305
1662376184805 0.003012223169207573 306
1662376186075 0.0011597506236284971 307
1662376187384 0.0009678098140284419 308
1662376188654 0.008018078282475471 309
1662376189926 0.0055748834274709225 310
1662376191174 0.0011783998925238848 311
1662376192436 0.009925929829478264 312
1662376193739 0.001616158289834857 313
1662376195026 0.006856738589704037 314
1662376196340 0.007588980253785849 315
1662376197605 0.022371329367160797 316
1662376198842 0.0022023289930075407 317
1662376200140 0.0006980628822930157 318
1662376201421 0.0063687595538794994 319
1662376202697 0.0030850733164697886 320
1662376204003 0.0011618650751188397 321
1662376205265 0.0019195566419512033 322
1662376206629 0.005394286941736937 323
1662376207940 0.0007223642896860838 324
1662376209201 0.004611137323081493 325
1662376210502 0.001007913495413959 326
1662376211748 0.004408539272844791 327
1662376213006 0.0010844037169590592 328
1662376214266 0.0036201735492795706 329
1662376215567 0.0017310476396232843 330
1662376216821 0.0038332510739564896 331
1662376218088 0.018190652132034302 332
1662376219343 0.00339242210611701 333
1662376220607 0.0008905386785045266 334
1662376221904 0.0010914485901594162 335
1662376223233 0.003197511425241828 336
1662376224522 0.004487973637878895 337
1662376225785 0.005355379544198513 338
1662376227043 0.0204542875289917 339
1662376228328 0.002275274135172367 340
1662376229595 0.006396753713488579 341
1662376230915 0.0005385831464082003 342
1662376232199 0.01656334288418293 343
1662376233512 0.0029737777076661587 344
1662376234790 0.003412053920328617 345
1662376236037 0.0004207274178043008 346
1662376237294 0.0015876477118581533 347
1662376238610 0.0093858502805233 348
1662376239904 0.002520659938454628 349
1662376241184 0.002325084526091814 350
1662376242446 0.003962143324315548 351
1662376243724 0.0008183424361050129 352
1662376244986 0.000796432257629931 353
1662376246272 0.0010490035638213158 354
1662376247555 0.001025639707222581 355
1662376248836 0.0025422528851777315 356
1662376250117 0.0017252160469070077 357
1662376251354 0.003983356524258852 358
1662376252637 0.021917760372161865 359
1662376253910 0.001139375614002347 360
1662376255166 0.012275698594748974 361
1662376256461 0.051642611622810364 362
1662376257761 0.0016097314655780792 363
1662376259045 0.0012221656506881118 364
1662376260310 0.00249413400888443 365
1662376261622 0.0038680220022797585 366
1662376262926 0.004321328364312649 367
1662376264228 0.0020105286967009306 368
1662376265489 0.004400352016091347 369
1662376266764 0.0010485537350177765 370
1662376268031 0.0008133228402584791 371
1662376269285 0.008265499956905842 372
1662376270546 0.02380152978003025 373
1662376271785 0.007186989765614271 374
1662376273081 0.004014095291495323 375
1662376274377 0.0024930459912866354 376
1662376275650 0.0018416212406009436 377
1662376276928 0.0026520956307649612 378
1662376278194 0.0035893090534955263 379
1662376279468 0.005664403550326824 380
1662376280717 0.0006705456762574613 381
1662376282037 0.0013850010000169277 382
1662376283324 0.0031264699064195156 383
1662376284591 0.002290830248966813 384
1662376285898 0.0008643741603009403 385
1662376287180 0.001104073948226869 386
1662376288419 0.024219132959842682 387
1662376289705 0.004297270905226469 388
1662376291011 0.00273154373280704 389
1662376292282 0.0017305907094851136 390
1662376293533 0.005126393400132656 391
1662376294757 0.0005459777312353253 392
1662376296001 0.009569448418915272 393
1662376297272 0.004045601934194565 394
1662376298528 0.001008742256090045 395
1662376299791 0.0008536980021744967 396
1662376301071 0.004069426562637091 397
1662376302322 0.0018116806168109179 398
1662376303633 0.002036204095929861 399
1662376304890 0.0027816682122647762 400
1662376306171 0.0016789480578154325 401
1662376307492 0.0025115981698036194 402
1662376308816 0.0008475310751236975 403
1662376310072 0.005347114987671375 404
1662376311350 0.005946188233792782 405
1662376312635 0.006436810828745365 406
1662376313932 0.002131967805325985 407
1662376315180 0.004041109699755907 408
1662376316477 0.0038854428566992283 409
1662376317763 0.006049595773220062 410
1662376319058 0.02165672928094864 411
1662376320346 0.0032793432474136353 412
1662376321607 0.028822164982557297 413
1662376322877 0.004039281513541937 414
1662376324133 0.004416266921907663 415
1662376325371 0.004711640067398548 416
1662376326668 0.001538724172860384 417
1662376327901 0.004941582679748535 418
1662376329149 0.0012462788727134466 419
1662376330390 0.0038026601541787386 420
1662376331671 0.027222411707043648 421
1662376332935 0.007853478193283081 422
1662376334179 0.0025807300116866827 423
1662376335461 0.0021081240847706795 424
1662376336748 0.0028465036302804947 425
1662376338026 0.001772098708897829 426
1662376339270 0.0028235246427357197 427
1662376340505 0.0009659441420808434 428
1662376341793 0.0008443427504971623 429
1662376343054 0.0013442179188132286 430
1662376344310 0.0011137613328173757 431
1662376345577 0.0019743898883461952 432
1662376346792 0.006983690895140171 433
1662376348034 0.0012941693421453238 434
1662376349253 0.001955741550773382 435
1662376350515 0.0024354809429496527 436
1662376351765 0.0022521778009831905 437
1662376353068 0.005826640408486128 438
1662376354299 0.0008590877987444401 439
1662376355575 0.007140350993722677 440
1662376356867 0.002376534743234515 441
1662376358125 0.0021954176481813192 442
1662376359435 0.0006628208793699741 443
1662376360689 0.0011828589485958219 444
1662376361940 0.0009054705151356757 445
1662376363202 0.003181248903274536 446
1662376364484 0.0016157595673575997 447
1662376365762 0.04037775099277496 448
1662376367036 0.002071708906441927 449
1662376368273 0.0024567660875618458 450
1662376369531 0.003997091669589281 451
1662376370780 0.006046315189450979 452
1662376372069 0.001295330235734582 453
1662376373325 0.002766445279121399 454
1662376374579 0.004800491966307163 455
1662376375846 0.002074293326586485 456
1662376377139 0.008065280504524708 457
1662376378458 0.0025185225531458855 458
1662376379837 0.005003603175282478 459
1662376381145 0.00341962487436831 460
1662376382488 0.0015451677609235048 461
1662376383704 0.0009179923799820244 462
1662376384977 0.0009456623811274767 463
1662376386255 0.0020523276180028915 464
1662376387615 0.0012211874127388 465
1662376388904 0.019550958648324013 466
1662376390204 0.002003823174163699 467
1662376391479 0.0021935910917818546 468
1662376392742 0.003144841641187668 469
1662376394028 0.010465480387210846 470
1662376395326 0.0019689546898007393 471
1662376396598 0.0010250569321215153 472
1662376397870 0.0026253846008330584 473
1662376399099 0.004215898923575878 474
1662376400384 0.0039468491449952126 475
1662376401729 0.007354798726737499 476
1662376402993 0.00283990241587162 477
1662376404246 0.0013494910672307014 478
1662376405515 0.003982436843216419 479
1662376406790 0.001969795674085617 480
1662376408064 0.0021868757903575897 481
1662376409313 0.0014692135155200958 482
1662376410580 0.0017162549775093794 483
1662376411848 0.002022887347266078 484
1662376413141 0.0022088068071752787 485
1662376414395 0.02656620182096958 486
1662376415638 0.0008672006078995764 487
1662376416890 0.0027979512233287096 488
1662376418167 0.06043313443660736 489
1662376419425 0.0015014286618679762 490
1662376420710 0.007292965427041054 491
1662376421913 0.004551584832370281 492
1662376423198 0.004860140848904848 493
1662376424447 0.0017271942924708128 494
1662376425798 0.01030457392334938 495
1662376427056 0.0026830541901290417 496
1662376428269 0.0009067459031939507 497
1662376429546 0.003350528422743082 498
1662376430801 0.000894180207978934 499
1662376432018 0.002554988954216242 500
1662376433285 0.004864982329308987 501
1662376434525 0.002055450575426221 502
1662376435786 0.0017816729377955198 503
1662376437048 0.003069962840527296 504
1662376438330 0.003170505864545703 505
1662376439594 0.004454437643289566 506
1662376440870 0.04903681203722954 507
1662376442150 0.004196377471089363 508
1662376443399 0.0009776788065209985 509
1662376444641 0.004106050357222557 510
1662376445902 0.004664023406803608 511
1662376447115 0.0038183294236660004 512
1662376448382 0.0017969735199585557 513
1662376449704 0.0021224110387265682 514
1662376450984 0.019724907353520393 515
1662376452268 0.0035702656023204327 516
1662376453499 0.007189743220806122 517
1662376454737 0.0008443933911621571 518
1662376456012 0.0017386778490617871 519
1662376457339 0.00508893933147192 520
1662376458636 0.003673809813335538 521
1662376459879 0.0008424715488217771 522
1662376461154 0.009404847398400307 523
1662376462416 0.000989539548754692 524
1662376463727 0.0036941496655344963 525
1662376465032 0.021455848589539528 526
1662376466277 0.002737521193921566 527
1662376467560 0.0011216700077056885 528
1662376468850 0.013751274906098843 529
1662376470151 0.009181499481201172 530
1662376471387 0.0026113286148756742 531
1662376472623 0.0008151247166097164 532
1662376473894 0.001073442748747766 533
1662376475195 0.008937553502619267 534
1662376476474 0.019805097952485085 535
1662376477756 0.003953216597437859 536
1662376479046 0.011413538828492165 537
1662376480317 0.002258739899843931 538
1662376481548 0.005367174744606018 539
1662376482787 0.000944022904150188 540
1662376484068 0.0029705767519772053 541
1662376485354 0.0015712903114035726 542
1662376486615 0.002054966054856777 543
1662376487888 0.0009182473295368254 544
1662376489175 0.002187540754675865 545
1662376490444 0.0028976821340620518 546
1662376491702 0.030059488490223885 547
1662376492963 0.005480166524648666 548
1662376494202 0.004172828048467636 549
1662376495487 0.0016640126705169678 550
1662376496838 0.0024594005662947893 551
1662376498084 0.006094924174249172 552
1662376499389 0.0032046230044215918 553
1662376500642 0.004344484303146601 554
1662376501946 0.003239609068259597 555
1662376503242 0.0035118309315294027 556
1662376504512 0.004843420349061489 557
1662376505780 0.011442819610238075 558
1662376507057 0.011531030759215355 559
1662376508328 0.0008872402831912041 560
1662376509614 0.0029120321851223707 561
1662376510876 0.0034241576213389635 562
1662376512153 0.002563339890912175 563
1662376513432 0.000979699194431305 564
1662376514697 0.002541143214330077 565
1662376515933 0.0015440720599144697 566
1662376517229 0.0405338816344738 567
1662376518529 0.001058105961419642 568
1662376519878 0.009607026353478432 569
1662376521160 0.006298039108514786 570
1662376522439 0.0038092131726443768 571
1662376523736 0.002502711256965995 572
1662376525023 0.0013889960246160626 573
1662376526320 0.0007250477210618556 574
1662376527586 0.005021627061069012 575
1662376528863 0.015575544908642769 576
1662376530154 0.006921762600541115 577
1662376531394 0.0030888854525983334 578
1662376532698 0.004577859304845333 579
1662376533997 0.003527164924889803 580
1662376535263 0.006295966915786266 581
1662376536522 0.0037397611886262894 582
1662376537807 0.007123269606381655 583
1662376539051 0.0008163051097653806 584
1662376540336 0.0046324050053954124 585
1662376541553 0.004373470786958933 586
1662376542799 0.000740633811801672 587
1662376544043 0.0012515340931713581 588
1662376545335 0.0013969151768833399 589
1662376546606 0.00080414570402354 590
1662376547907 0.009808411821722984 591
1662376549172 0.002128350082784891 592
1662376550444 0.007127801887691021 593
1662376551686 0.0019026845693588257 594
1662376552939 0.0012327998410910368 595
1662376554206 0.03212568908929825 596
1662376555481 0.0022187328431755304 597
1662376556817 0.0015998956514522433 598
1662376558082 0.0010509513085708022 599
1662376559366 0.006999987177550793 600
1662376560676 0.01977064460515976 601
1662376561924 0.009735074825584888 602
1662376563202 0.0047834524884819984 603
1662376564413 0.002678415272384882 604
1662376565687 0.0031200149096548557 605
1662376566969 0.001861112890765071 606
1662376568274 0.0007409623940475285 607
1662376569540 0.004360209219157696 608
1662376570840 0.015378417447209358 609
1662376572126 0.0015504140174016356 610
1662376573417 0.005723395384848118 611
1662376574665 0.0022575235925614834 612
1662376575933 0.00240962952375412 613
1662376577250 0.00263640726916492 614
1662376578498 0.006609088741242886 615
1662376579784 0.0033052992075681686 616
1662376581050 0.0009217154001817107 617
1662376582336 0.0010311787482351065 618
1662376583652 0.0017821420915424824 619
1662376584921 0.019044946879148483 620
1662376586251 0.003155357902869582 621
1662376587556 0.004065372981131077 622
1662376588907 0.0015360097168013453 623
1662376590179 0.001551864086650312 624
1662376591414 0.0018925321055576205 625
1662376592647 0.0013541951775550842 626
1662376593925 0.004882005043327808 627
1662376595182 0.0014260041061788797 628
1662376596452 0.0030913439113646746 629
1662376597802 0.009802114218473434 630
1662376599080 0.0031749855261296034 631
1662376600333 0.0026978617534041405 632
1662376601632 0.008722063153982162 633
1662376602908 0.005962856113910675 634
1662376604142 0.0010315277613699436 635
1662376605379 0.0022226725704967976 636
1662376606610 0.0023352401331067085 637
1662376607902 0.002176617505028844 638
1662376609201 0.0011909501627087593 639
1662376610474 0.005408887285739183 640
1662376611769 0.006077065132558346 641
1662376613026 0.0023096539080142975 642
1662376614257 0.005262864287942648 643
1662376615540 0.0011729482794180512 644
1662376616817 0.0024144568014889956 645
1662376618046 0.002866174327209592 646
1662376619321 0.0014116063248366117 647
1662376620625 0.0242605023086071 648
1662376621946 0.004431426990777254 649
1662376623217 0.007766065653413534 650
1662376624491 0.0023589972406625748 651
1662376625785 0.005691273137927055 652
1662376627062 0.0035084914416074753 653
1662376628356 0.046342480927705765 654
1662376629615 0.0009136726148426533 655
1662376630913 0.0033480871934443712 656
1662376632169 0.0059655411168932915 657
1662376633453 0.004370333161205053 658
1662376634718 0.004347030073404312 659
1662376635992 0.0031484917271882296 660
1662376637244 0.0015994528075680137 661
1662376638525 0.0036225435324013233 662
1662376639826 0.005656994879245758 663
1662376641109 0.004444430116564035 664
1662376642387 0.0021281398367136717 665
1662376643706 0.002085132524371147 666
1662376644968 0.0013981543015688658 667
1662376646237 0.0020179511047899723 668
1662376647496 0.0020666250493377447 669
1662376648782 0.014362417161464691 670
1662376650087 0.003358951536938548 671
1662376651316 0.0007317332783713937 672
1662376652591 0.002055888995528221 673
1662376653917 0.00046440321602858603 674
1662376655117 0.0025430996902287006 675
1662376656373 0.0028145601972937584 676
1662376657683 0.00747727369889617 677
1662376658994 0.008110854774713516 678
1662376660228 0.007481968961656094 679
1662376661488 0.0038306231144815683 680
1662376662784 0.0011064631398767233 681
1662376664059 0.0011393075110390782 682
1662376665299 0.0046696593053638935 683
1662376666571 0.04604056850075722 684
1662376667838 0.001736069330945611 685
1662376669092 0.0016961987130343914 686
1662376670356 0.0031184435356408358 687
1662376671602 0.004205431789159775 688
1662376672907 0.004820040427148342 689
1662376674195 0.007441594265401363 690
1662376675437 0.002919611753895879 691
1662376676723 0.012128560803830624 692
1662376677960 0.022667087614536285 693
1662376679213 0.0010456067975610495 694
1662376680447 0.0019817363936454058 695
1662376681673 0.000496949884109199 696
1662376682955 0.004389592446386814 697
1662376684217 0.004808006342500448 698
1662376685442 0.001273502828553319 699
1662376686688 0.002257689367979765 700
1662376687922 0.0038220498245209455 701
1662376689167 0.002984019462019205 702
1662376690420 0.0033267855178564787 703
1662376691709 0.005303520709276199 704
1662376693031 0.005583459977060556 705
1662376694295 0.002033486030995846 706
1662376695562 0.0013436926528811455 707
1662376696809 0.0023158504627645016 708
1662376698092 0.0013819129671901464 709
1662376699362 0.004680357873439789 710
1662376700644 0.00884214323014021 711
1662376701890 0.002527030184864998 712
1662376703143 0.004237494431436062 713
1662376704427 0.0005948892794549465 714
1662376705785 0.0011832580203190446 715
1662376707058 0.0008823703974485397 716
1662376708304 0.004987611435353756 717
1662376709589 0.0020356217864900827 718
1662376710871 0.0027062129229307175 719
1662376712164 0.007040644995868206 720
1662376713451 0.002144265454262495 721
1662376714726 0.0005420573288574815 722
1662376716007 0.004219560883939266 723
1662376717283 0.0022411360405385494 724
1662376718519 0.0023912647739052773 725
1662376719796 0.0009169972036033869 726
1662376721089 0.0006620723870582879 727
1662376722366 0.000824889400973916 728
1662376723662 0.025273704901337624 729
1662376724907 0.0007219940307550132 730
1662376726164 0.010232172906398773 731
1662376727430 0.0023118655662983656 732
1662376728718 0.014952589757740498 733
1662376729988 0.0074067204259335995 734
1662376731275 0.001417704625055194 735
1662376732520 0.0016944300150498748 736
1662376733785 0.0023897273931652308 737
1662376734999 0.005426192656159401 738
1662376736274 0.0018930978840216994 739
1662376737507 0.0021588157396763563 740
1662376738780 0.012612398713827133 741
1662376740040 0.0009783252608031034 742
1662376741314 0.00475248321890831 743
1662376742581 0.00057222944451496 744
1662376743852 0.004138090647757053 745
1662376745091 0.0019693460781127214 746
1662376746314 0.011092807166278362 747
1662376747588 0.004718645475804806 748
1662376748857 0.0005391025333665311 749
1662376750113 0.002109277993440628 750
1662376751410 0.004291328601539135 751
1662376752667 0.0018481974257156253 752
1662376753930 0.0038703838363289833 753
1662376755228 0.0013143010437488556 754
1662376756501 0.003385030897334218 755
1662376757738 0.009301591664552689 756
1662376759025 0.01745620183646679 757
1662376760283 0.0007690563215874135 758
1662376761595 0.001876179943792522 759
1662376762855 0.0045020245015621185 760
1662376764112 0.008913831785321236 761
1662376765386 0.003348396858200431 762
1662376766749 0.04542290419340134 763
1662376767995 0.0029477812349796295 764
1662376769248 0.0007492869044654071 765
1662376770540 0.0037056980654597282 766
1662376771825 0.0006367700407281518 767
1662376773057 0.0028720253612846136 768
1662376774320 0.0019941909704357386 769
1662376775576 0.0039919475093483925 770
1662376776846 0.0036082619335502386 771
1662376778115 0.0016756451223045588 772
1662376779371 0.0008203068864531815 773
1662376780582 0.002865064423531294 774
1662376781818 0.011313408613204956 775
1662376783065 0.0005177412531338632 776
1662376784314 0.05077327787876129 777
1662376785577 0.006664578802883625 778
1662376786859 0.0031072532292455435 779
1662376788103 0.0011555975070223212 780
1662376789402 0.006646370515227318 781
1662376790672 0.016582462936639786 782
1662376791929 0.0057063233107328415 783
1662376793220 0.001461933134123683 784
1662376794526 0.0005112505168654025 785
1662376795820 0.019324179738759995 786
1662376797091 0.0022219514939934015 787
1662376798350 0.003206527093425393 788
1662376799645 0.0030407491140067577 789
1662376800914 0.002711320063099265 790
1662376802184 0.0028024003840982914 791
1662376803460 0.0014614509418606758 792
1662376804727 0.0023743011988699436 793
1662376805990 0.004353249445557594 794
1662376807216 0.0017508259043097496 795
1662376808440 0.001528096734546125 796
1662376809693 0.014270390383899212 797
1662376810962 0.0006053565302863717 798
1662376811718 0.002143117366358638 799
