1662375794582 1e-06 0
1662375795786 2.427142857142857e-06 1
1662375797164 3.8542857142857145e-06 2
1662375798421 5.281428571428572e-06 3
1662375799683 6.7085714285714285e-06 4
1662375800897 8.135714285714287e-06 5
1662375802136 9.562857142857143e-06 6
1662375803407 1.099e-05 7
1662375804675 1.2417142857142858e-05 8
1662375805926 1.3844285714285715e-05 9
1662375807172 1.5271428571428573e-05 10
1662375808419 1.669857142857143e-05 11
1662375809674 1.8125714285714286e-05 12
1662375810962 1.9552857142857144e-05 13
1662375812182 2.098e-05 14
1662375813407 2.2407142857142857e-05 15
1662375814660 2.3834285714285716e-05 16
1662375815890 2.5261428571428574e-05 17
1662375817195 2.668857142857143e-05 18
1662375818465 2.8115714285714287e-05 19
1662375819731 2.9542857142857145e-05 20
1662375821048 3.0969999999999997e-05 21
1662375822332 3.239714285714286e-05 22
1662375823573 3.382428571428571e-05 23
1662375824812 3.5251428571428575e-05 24
1662375826073 3.667857142857143e-05 25
1662375827278 3.8105714285714284e-05 26
1662375828563 3.9532857142857146e-05 27
1662375829820 4.096e-05 28
1662375831075 4.2387142857142856e-05 29
1662375832342 4.381428571428572e-05 30
1662375833620 4.524142857142857e-05 31
1662375834868 4.666857142857143e-05 32
1662375836139 4.809571428571429e-05 33
1662375837382 4.952285714285715e-05 34
1662375838640 5.095e-05 35
1662375839901 5.237714285714286e-05 36
1662375841155 5.3804285714285715e-05 37
1662375842438 5.523142857142857e-05 38
1662375843702 5.665857142857143e-05 39
1662375845021 5.808571428571429e-05 40
1662375846315 5.951285714285714e-05 41
1662375847603 6.094e-05 42
1662375848883 6.236714285714286e-05 43
1662375850123 6.379428571428572e-05 44
1662375851422 6.522142857142858e-05 45
1662375852682 6.664857142857143e-05 46
1662375853938 6.807571428571428e-05 47
1662375855197 6.950285714285715e-05 48
1662375856463 7.093e-05 49
1662375857737 7.235714285714286e-05 50
1662375859024 7.378428571428572e-05 51
1662375860318 7.521142857142857e-05 52
1662375861660 7.663857142857143e-05 53
1662375862933 7.80657142857143e-05 54
1662375864192 7.949285714285716e-05 55
1662375865485 8.092e-05 56
1662375866757 8.234714285714285e-05 57
1662375868068 8.37742857142857e-05 58
1662375869309 8.520142857142856e-05 59
1662375870600 8.662857142857144e-05 60
1662375871912 8.80557142857143e-05 61
1662375873292 8.948285714285715e-05 62
1662375874563 9.091e-05 63
1662375875818 9.233714285714286e-05 64
1662375877097 9.376428571428572e-05 65
1662375878338 9.519142857142858e-05 66
1662375879612 9.661857142857144e-05 67
1662375880904 9.80457142857143e-05 68
1662375882169 9.947285714285712e-05 69
1662375883457 0.00010089999999999999 70
1662375884725 0.00010232714285714286 71
1662375885958 0.00010375428571428572 72
1662375887235 0.00010518142857142858 73
1662375888495 0.00010660857142857143 74
1662375889767 0.00010803571428571428 75
1662375891051 0.00010946285714285714 76
1662375892304 0.00011089 77
1662375893551 0.00011231714285714287 78
1662375894834 0.00011374428571428571 79
1662375896083 0.00011517142857142858 80
1662375897436 0.00011659857142857144 81
1662375898736 0.00011802571428571427 82
1662375899987 0.00011945285714285715 83
1662375901292 0.00012088000000000001 84
1662375902572 0.00012230714285714286 85
1662375903850 0.00012373428571428572 86
1662375905116 0.00012516142857142858 87
1662375906408 0.00012658857142857144 88
1662375907669 0.0001280157142857143 89
1662375908940 0.00012944285714285716 90
1662375910210 0.00013087000000000003 91
1662375911504 0.00013229714285714286 92
1662375912770 0.00013372428571428572 93
1662375914048 0.00013515142857142856 94
1662375915336 0.00013657857142857142 95
1662375916616 0.00013800571428571428 96
1662375917917 0.00013943285714285714 97
1662375919219 0.00014085999999999998 98
1662375920520 0.00014228714285714286 99
1662375921818 0.00014371428571428573 100
1662375923100 0.0001451414285714286 101
1662375924368 0.00014656857142857145 102
1662375925718 0.0001479957142857143 103
1662375927007 0.00014942285714285715 104
1662375928322 0.00015084999999999998 105
1662375929634 0.00015227714285714287 106
1662375930918 0.0001537042857142857 107
1662375932265 0.0001551314285714286 108
1662375933549 0.00015655857142857143 109
1662375934813 0.00015798571428571432 110
1662375936096 0.00015941285714285718 111
1662375937388 0.00016084 112
1662375938647 0.00016226714285714287 113
1662375939917 0.0001636942857142857 114
1662375941226 0.00016512142857142857 115
1662375942492 0.0001665485714285714 116
1662375943706 0.00016797571428571427 117
1662375944956 0.00016940285714285713 118
1662375946261 0.00017083 119
1662375947545 0.00017225714285714285 120
1662375948827 0.0001736842857142857 121
1662375950113 0.0001751114285714286 122
1662375951407 0.00017653857142857144 123
1662375952647 0.0001779657142857143 124
1662375953961 0.00017939285714285716 125
1662375955210 0.00018082 126
1662375956496 0.00018224714285714285 127
1662375957807 0.00018367428571428572 128
1662375959069 0.00018510142857142858 129
1662375960334 0.00018652857142857144 130
1662375961567 0.00018795571428571427 131
1662375962829 0.00018938285714285716 132
1662375964122 0.00019081000000000002 133
1662375965400 0.00019223714285714289 134
1662375966688 0.00019366428571428575 135
1662375967988 0.0001950914285714286 136
1662375969273 0.00019651857142857144 137
1662375970545 0.00019794571428571425 138
1662375971832 0.00019937285714285714 139
1662375973128 0.00020079999999999997 140
1662375974407 0.00020222714285714286 141
1662375975682 0.0002036542857142857 142
1662375976965 0.00020508142857142856 143
1662375978216 0.00020650857142857142 144
1662375979500 0.00020793571428571428 145
1662375980730 0.00020936285714285717 146
1662375982020 0.00021079 147
1662375983268 0.00021221714285714287 148
1662375984514 0.0002136442857142857 149
1662375985781 0.00021507142857142856 150
1662375987058 0.00021649857142857143 151
1662375988328 0.0002179257142857143 152
1662375989635 0.00021935285714285715 153
1662375990927 0.00022078 154
1662375992218 0.00022220714285714287 155
1662375993495 0.00022363428571428573 156
1662375994796 0.0002250614285714286 157
1662375996061 0.00022648857142857146 158
1662375997359 0.0002279157142857143 159
1662375998603 0.00022934285714285715 160
1662375999863 0.00023077000000000001 161
1662376001107 0.00023219714285714288 162
1662376002414 0.0002336242857142857 163
1662376003716 0.00023505142857142855 164
1662376004976 0.00023647857142857143 165
1662376006222 0.00023790571428571427 166
1662376007481 0.00023933285714285716 167
1662376008758 0.00024076000000000002 168
1662376010037 0.00024218714285714285 169
1662376011312 0.00024361428571428572 170
1662376012639 0.00024504142857142855 171
1662376013939 0.0002464685714285714 172
1662376015248 0.0002478957142857143 173
1662376016548 0.00024932285714285713 174
1662376017798 0.00025075 175
1662376019078 0.00025217714285714286 176
1662376020350 0.00025360428571428567 177
1662376021631 0.0002550314285714286 178
1662376022921 0.00025645857142857144 179
1662376024224 0.00025788571428571436 180
1662376025529 0.0002593128571428571 181
1662376026855 0.00026074000000000003 182
1662376028158 0.0002621671428571429 183
1662376029432 0.00026359428571428575 184
1662376030693 0.00026502142857142856 185
1662376032008 0.0002664485714285714 186
1662376033314 0.00026787571428571434 187
1662376034588 0.00026930285714285714 188
1662376035845 0.00027072999999999995 189
1662376037141 0.0002721571428571428 190
1662376038416 0.00027358428571428573 191
1662376039695 0.0002750114285714286 192
1662376040997 0.00027643857142857145 193
1662376042252 0.00027786571428571426 194
1662376043490 0.0002792928571428572 195
1662376044777 0.00028072 196
1662376046034 0.00028214714285714284 197
1662376047304 0.0002835742857142857 198
1662376048597 0.00028500142857142857 199
1662376049841 0.00028642857142857143 200
1662376051146 0.00028785571428571424 201
1662376052450 0.0002892828571428572 202
1662376053679 0.00029070999999999996 203
1662376054960 0.0002921371428571429 204
1662376056241 0.0002935642857142857 205
1662376057510 0.00029499142857142865 206
1662376058755 0.0002964185714285714 207
1662376060021 0.00029784571428571427 208
1662376061272 0.00029927285714285713 209
1662376062531 0.0003007 210
1662376063817 0.00030212714285714285 211
1662376065108 0.0003035542857142857 212
1662376066365 0.0003049814285714286 213
1662376067663 0.00030640857142857144 214
1662376068920 0.0003078357142857143 215
1662376070221 0.00030926285714285716 216
1662376071480 0.00031069 217
1662376072723 0.0003121171428571429 218
1662376073990 0.0003135442857142857 219
1662376075260 0.0003149714285714286 220
1662376076581 0.0003163985714285714 221
1662376077889 0.00031782571428571433 222
1662376079158 0.00031925285714285714 223
1662376080448 0.00032068000000000005 224
1662376081715 0.00032210714285714286 225
1662376083004 0.0003235342857142857 226
1662376084282 0.0003249614285714286 227
1662376085539 0.00032638857142857145 228
1662376086803 0.00032781571428571425 229
1662376088127 0.0003292428571428571 230
1662376089400 0.00033067000000000003 231
1662376090669 0.00033209714285714284 232
1662376091945 0.0003335242857142857 233
1662376093230 0.0003349514285714285 234
1662376094464 0.0003363785714285715 235
1662376095738 0.0003378057142857143 236
1662376097012 0.0003392328571428572 237
1662376098251 0.00034065999999999995 238
1662376099565 0.0003420871428571429 239
1662376100816 0.00034351428571428573 240
1662376102085 0.0003449414285714286 241
1662376103346 0.0003463685714285714 242
1662376104578 0.00034779571428571426 243
1662376105840 0.0003492228571428572 244
1662376107114 0.00035065000000000004 245
1662376108394 0.00035207714285714285 246
1662376109684 0.0003535042857142857 247
1662376110906 0.00035493142857142857 248
1662376112202 0.0003563585714285715 249
1662376113509 0.00035778571428571435 250
1662376114768 0.0003592128571428571 251
1662376116023 0.00036063999999999996 252
1662376117284 0.0003620671428571428 253
1662376118570 0.00036349428571428574 254
1662376119881 0.00036492142857142855 255
1662376121123 0.0003663485714285714 256
1662376122401 0.00036777571428571427 257
1662376123690 0.0003692028571428572 258
1662376124952 0.00037063000000000005 259
1662376126188 0.00037205714285714286 260
1662376127439 0.0003734842857142857 261
1662376128716 0.0003749114285714286 262
1662376129940 0.00037633857142857144 263
1662376131174 0.0003777657142857143 264
1662376132439 0.0003791928571428571 265
1662376133703 0.00038062 266
1662376134954 0.00038204714285714283 267
1662376136235 0.00038347428571428575 268
1662376137521 0.00038490142857142856 269
1662376138791 0.00038632857142857147 270
1662376140059 0.0003877557142857143 271
1662376141334 0.00038918285714285725 272
1662376142615 0.00039061 273
1662376143844 0.00039203714285714286 274
1662376145149 0.0003934642857142857 275
1662376146450 0.00039489142857142853 276
1662376147726 0.00039631857142857145 277
1662376149011 0.00039774571428571426 278
1662376150299 0.00039917285714285717 279
1662376151571 0.0004006 280
1662376152885 0.0004020271428571429 281
1662376154107 0.0004034542857142857 282
1662376155389 0.0004048814285714286 283
1662376156664 0.0004063085714285714 284
1662376157944 0.0004077357142857143 285
1662376159204 0.0004091628571428571 286
1662376160497 0.00041059 287
1662376161754 0.00041201714285714287 288
1662376163056 0.00041344428571428573 289
1662376164328 0.00041487142857142854 290
1662376165628 0.00041629857142857146 291
1662376166882 0.0004177257142857143 292
1662376168167 0.0004191528571428572 293
1662376169458 0.00042058000000000004 294
1662376170762 0.00042200714285714285 295
1662376172068 0.0004234342857142857 296
1662376173335 0.00042486142857142863 297
1662376174593 0.00042628857142857143 298
1662376175939 0.0004277157142857143 299
1662376177187 0.0004291428571428571 300
1662376178484 0.00043057 301
1662376179783 0.0004319971428571429 302
1662376181031 0.0004334242857142857 303
1662376182269 0.00043485142857142855 304
1662376183541 0.0004362785714285714 305
1662376184805 0.00043770571428571433 306
1662376186076 0.00043913285714285714 307
1662376187384 0.00044056 308
1662376188654 0.0004419871428571428 309
1662376189926 0.0004434142857142858 310
1662376191175 0.0004448414285714286 311
1662376192437 0.00044626857142857144 312
1662376193739 0.00044769571428571425 313
1662376195026 0.00044912285714285717 314
1662376196341 0.00045055000000000003 315
1662376197606 0.00045197714285714294 316
1662376198842 0.0004534042857142857 317
1662376200141 0.00045483142857142856 318
1662376201422 0.0004562585714285714 319
1662376202698 0.00045768571428571434 320
1662376204004 0.00045911285714285714 321
1662376205265 0.00046054 322
1662376206630 0.00046196714285714287 323
1662376207941 0.0004633942857142858 324
1662376209202 0.0004648214285714286 325
1662376210502 0.0004662485714285714 326
1662376211749 0.0004676757142857143 327
1662376213006 0.0004691028571428571 328
1662376214266 0.00047053000000000004 329
1662376215568 0.00047195714285714284 330
1662376216822 0.0004733842857142857 331
1662376218088 0.00047481142857142857 332
1662376219343 0.00047623857142857143 333
1662376220608 0.0004776657142857143 334
1662376221905 0.00047909285714285715 335
1662376223234 0.00048052 336
1662376224522 0.0004819471428571429 337
1662376225785 0.00048337428571428574 338
1662376227044 0.0004848014285714286 339
1662376228328 0.0004862285714285714 340
1662376229596 0.0004876557142857143 341
1662376230915 0.0004890828571428571 342
1662376232199 0.0004905100000000001 343
1662376233513 0.0004919371428571429 344
1662376234790 0.0004933642857142857 345
1662376236038 0.0004947914285714285 346
1662376237295 0.0004962185714285714 347
1662376238611 0.0004976457142857144 348
1662376239905 0.0004990728571428573 349
1662376241185 0.0005005 350
1662376242447 0.0005019271428571429 351
1662376243725 0.0005033542857142858 352
1662376244986 0.0005047814285714285 353
1662376246272 0.0005062085714285713 354
1662376247556 0.0005076357142857143 355
1662376248837 0.0005090628571428571 356
1662376250118 0.00051049 357
1662376251354 0.0005119171428571429 358
1662376252638 0.0005133442857142857 359
1662376253911 0.0005147714285714287 360
1662376255167 0.0005161985714285714 361
1662376256462 0.0005176257142857143 362
1662376257761 0.0005190528571428571 363
1662376259046 0.00052048 364
1662376260310 0.000521907142857143 365
1662376261623 0.0005233342857142858 366
1662376262927 0.0005247614285714285 367
1662376264229 0.0005261885714285715 368
1662376265490 0.0005276157142857143 369
1662376266764 0.0005290428571428572 370
1662376268032 0.00053047 371
1662376269286 0.0005318971428571428 372
1662376270546 0.0005333242857142857 373
1662376271786 0.0005347514285714286 374
1662376273082 0.0005361785714285715 375
1662376274377 0.0005376057142857143 376
1662376275650 0.0005390328571428572 377
1662376276929 0.00054046 378
1662376278194 0.0005418871428571429 379
1662376279468 0.0005433142857142856 380
1662376280718 0.0005447414285714286 381
1662376282038 0.0005461685714285714 382
1662376283325 0.0005475957142857143 383
1662376284592 0.0005490228571428572 384
1662376285899 0.00055045 385
1662376287180 0.0005518771428571429 386
1662376288419 0.0005533042857142857 387
1662376289705 0.0005547314285714286 388
1662376291012 0.0005561585714285714 389
1662376292282 0.0005575857142857143 390
1662376293534 0.0005590128571428572 391
1662376294758 0.0005604399999999999 392
1662376296001 0.0005618671428571429 393
1662376297272 0.0005632942857142857 394
1662376298529 0.0005647214285714286 395
1662376299792 0.0005661485714285715 396
1662376301072 0.0005675757142857143 397
1662376302323 0.0005690028571428571 398
1662376303634 0.0005704300000000001 399
1662376304890 0.0005718571428571428 400
1662376306172 0.0005732842857142857 401
1662376307492 0.0005747114285714284 402
1662376308817 0.0005761385714285715 403
1662376310072 0.0005775657142857144 404
1662376311351 0.0005789928571428571 405
1662376312635 0.0005804199999999999 406
1662376313933 0.0005818471428571429 407
1662376315181 0.0005832742857142857 408
1662376316477 0.0005847014285714286 409
1662376317764 0.0005861285714285713 410
1662376319059 0.0005875557142857143 411
1662376320347 0.0005889828571428573 412
1662376321608 0.00059041 413
1662376322877 0.0005918371428571429 414
1662376324134 0.0005932642857142857 415
1662376325371 0.0005946914285714285 416
1662376326670 0.0005961185714285715 417
1662376327902 0.0005975457142857142 418
1662376329149 0.0005989728571428573 419
1662376330390 0.0006004 420
1662376331671 0.0006018271428571429 421
1662376332936 0.0006032542857142858 422
1662376334180 0.0006046814285714286 423
1662376335461 0.0006061085714285714 424
1662376336749 0.0006075357142857143 425
1662376338026 0.0006089628571428571 426
1662376339271 0.00061039 427
1662376340505 0.0006118171428571429 428
1662376341794 0.0006132442857142857 429
1662376343055 0.0006146714285714286 430
1662376344310 0.0006160985714285714 431
1662376345577 0.0006175257142857144 432
1662376346793 0.0006189528571428571 433
1662376348035 0.00062038 434
1662376349253 0.0006218071428571428 435
1662376350516 0.0006232342857142857 436
1662376351765 0.0006246614285714286 437
1662376353068 0.0006260885714285714 438
1662376354299 0.0006275157142857143 439
1662376355576 0.0006289428571428573 440
1662376356868 0.00063037 441
1662376358126 0.0006317971428571428 442
1662376359436 0.0006332242857142857 443
1662376360689 0.0006346514285714286 444
1662376361941 0.0006360785714285716 445
1662376363203 0.0006375057142857143 446
1662376364484 0.0006389328571428572 447
1662376365763 0.0006403600000000001 448
1662376367037 0.0006417871428571429 449
1662376368274 0.0006432142857142857 450
1662376369532 0.0006446414285714285 451
1662376370780 0.0006460685714285714 452
1662376372069 0.0006474957142857143 453
1662376373326 0.0006489228571428571 454
1662376374580 0.00065035 455
1662376375847 0.0006517771428571429 456
1662376377140 0.0006532042857142858 457
1662376378459 0.0006546314285714286 458
1662376379837 0.0006560585714285714 459
1662376381146 0.0006574857142857142 460
1662376382488 0.0006589128571428572 461
1662376383705 0.00066034 462
1662376384978 0.0006617671428571427 463
1662376386256 0.0006631942857142857 464
1662376387615 0.0006646214285714287 465
1662376388904 0.0006660485714285715 466
1662376390204 0.0006674757142857143 467
1662376391480 0.000668902857142857 468
1662376392743 0.0006703300000000001 469
1662376394029 0.0006717571428571429 470
1662376395327 0.0006731842857142857 471
1662376396599 0.0006746114285714285 472
1662376397870 0.0006760385714285715 473
1662376399099 0.0006774657142857144 474
1662376400384 0.0006788928571428572 475
1662376401730 0.00068032 476
1662376402994 0.0006817471428571428 477
1662376404246 0.0006831742857142858 478
1662376405516 0.0006846014285714286 479
1662376406790 0.0006860285714285714 480
1662376408065 0.0006874557142857141 481
1662376409313 0.0006888828571428572 482
1662376410581 0.0006903100000000001 483
1662376411848 0.0006917371428571429 484
1662376413142 0.0006931642857142857 485
1662376414396 0.0006945914285714285 486
1662376415638 0.0006960185714285715 487
1662376416891 0.0006974457142857143 488
1662376418168 0.0006988728571428571 489
1662376419426 0.0007003000000000001 490
1662376420711 0.0007017271428571429 491
1662376421914 0.0007031542857142858 492
1662376423199 0.0007045814285714286 493
1662376424448 0.0007060085714285714 494
1662376425799 0.0007074357142857143 495
1662376427057 0.0007088628571428571 496
1662376428270 0.00071029 497
1662376429546 0.000711717142857143 498
1662376430802 0.0007131442857142856 499
1662376432018 0.0007145714285714287 500
1662376433286 0.0007159985714285714 501
1662376434526 0.0007174257142857143 502
1662376435787 0.0007188528571428572 503
1662376437048 0.0007202799999999999 504
1662376438331 0.0007217071428571429 505
1662376439595 0.0007231342857142856 506
1662376440871 0.0007245614285714285 507
1662376442151 0.0007259885714285715 508
1662376443400 0.0007274157142857143 509
1662376444641 0.0007288428571428572 510
1662376445903 0.0007302700000000001 511
1662376447116 0.0007316971428571428 512
1662376448383 0.0007331242857142858 513
1662376449705 0.0007345514285714285 514
1662376450985 0.0007359785714285715 515
1662376452268 0.0007374057142857143 516
1662376453500 0.000738832857142857 517
1662376454738 0.0007402600000000001 518
1662376456013 0.0007416871428571429 519
1662376457340 0.0007431142857142858 520
1662376458637 0.0007445414285714286 521
1662376459880 0.0007459685714285714 522
1662376461154 0.0007473957142857144 523
1662376462416 0.0007488228571428571 524
1662376463728 0.0007502499999999999 525
1662376465032 0.0007516771428571429 526
1662376466278 0.0007531042857142857 527
1662376467560 0.0007545314285714287 528
1662376468851 0.0007559585714285714 529
1662376470152 0.0007573857142857142 530
1662376471388 0.0007588128571428572 531
1662376472624 0.00076024 532
1662376473895 0.0007616671428571429 533
1662376475195 0.0007630942857142856 534
1662376476474 0.0007645214285714286 535
1662376477757 0.0007659485714285716 536
1662376479047 0.0007673757142857143 537
1662376480318 0.0007688028571428571 538
1662376481548 0.0007702299999999999 539
1662376482788 0.0007716571428571429 540
1662376484069 0.0007730842857142858 541
1662376485355 0.0007745114285714285 542
1662376486616 0.0007759385714285713 543
1662376487888 0.0007773657142857145 544
1662376489176 0.0007787928571428572 545
1662376490444 0.0007802200000000001 546
1662376491703 0.0007816471428571428 547
1662376492963 0.0007830742857142857 548
1662376494203 0.0007845014285714287 549
1662376495487 0.0007859285714285714 550
1662376496839 0.0007873557142857142 551
1662376498085 0.000788782857142857 552
1662376499390 0.0007902100000000001 553
1662376500642 0.000791637142857143 554
1662376501946 0.0007930642857142857 555
1662376503242 0.0007944914285714285 556
1662376504512 0.0007959185714285715 557
1662376505781 0.0007973457142857143 558
1662376507057 0.0007987728571428572 559
1662376508328 0.0008001999999999999 560
1662376509615 0.0008016271428571429 561
1662376510877 0.0008030542857142858 562
1662376512154 0.0008044814285714286 563
1662376513433 0.0008059085714285714 564
1662376514697 0.0008073357142857143 565
1662376515933 0.0008087628571428572 566
1662376517229 0.00081019 567
1662376518530 0.0008116171428571428 568
1662376519879 0.0008130442857142857 569
1662376521160 0.0008144714285714286 570
1662376522440 0.0008158985714285715 571
1662376523737 0.0008173257142857143 572
1662376525024 0.0008187528571428572 573
1662376526321 0.00082018 574
1662376527586 0.0008216071428571429 575
1662376528863 0.0008230342857142857 576
1662376530155 0.0008244614285714284 577
1662376531395 0.0008258885714285714 578
1662376532698 0.0008273157142857144 579
1662376533997 0.0008287428571428572 580
1662376535264 0.00083017 581
1662376536522 0.0008315971428571429 582
1662376537808 0.0008330242857142857 583
1662376539052 0.0008344514285714286 584
1662376540337 0.0008358785714285714 585
1662376541554 0.0008373057142857143 586
1662376542799 0.0008387328571428571 587
1662376544044 0.0008401600000000001 588
1662376545335 0.0008415871428571429 589
1662376546607 0.0008430142857142858 590
1662376547907 0.0008444414285714286 591
1662376549173 0.0008458685714285714 592
1662376550444 0.0008472957142857143 593
1662376551686 0.0008487228571428572 594
1662376552940 0.0008501499999999999 595
1662376554207 0.0008515771428571428 596
1662376555482 0.0008530042857142858 597
1662376556818 0.0008544314285714287 598
1662376558083 0.0008558585714285715 599
1662376559366 0.0008572857142857142 600
1662376560677 0.0008587128571428572 601
1662376561925 0.00086014 602
1662376563202 0.0008615671428571429 603
1662376564413 0.0008629942857142857 604
1662376565688 0.0008644214285714284 605
1662376566969 0.0008658485714285715 606
1662376568274 0.0008672757142857144 607
1662376569541 0.0008687028571428571 608
1662376570840 0.00087013 609
1662376572127 0.0008715571428571428 610
1662376573418 0.0008729842857142858 611
1662376574665 0.0008744114285714286 612
1662376575933 0.0008758385714285713 613
1662376577251 0.0008772657142857142 614
1662376578499 0.0008786928571428573 615
1662376579785 0.0008801200000000001 616
1662376581050 0.0008815471428571429 617
1662376582336 0.0008829742857142856 618
1662376583653 0.0008844014285714287 619
1662376584921 0.0008858285714285715 620
1662376586252 0.0008872557142857142 621
1662376587557 0.0008886828571428571 622
1662376588907 0.0008901100000000001 623
1662376590179 0.000891537142857143 624
1662376591415 0.0008929642857142858 625
1662376592648 0.0008943914285714285 626
1662376593926 0.0008958185714285714 627
1662376595182 0.0008972457142857143 628
1662376596452 0.0008986728571428572 629
1662376597803 0.0009001 630
1662376599081 0.0009015271428571427 631
1662376600334 0.0009029542857142859 632
1662376601632 0.0009043814285714286 633
1662376602908 0.0009058085714285715 634
1662376604143 0.0009072357142857143 635
1662376605379 0.0009086628571428571 636
1662376606611 0.0009100900000000001 637
1662376607903 0.0009115171428571428 638
1662376609201 0.0009129442857142856 639
1662376610475 0.0009143714285714286 640
1662376611770 0.0009157985714285715 641
1662376613027 0.0009172257142857144 642
1662376614258 0.0009186528571428571 643
1662376615540 0.00092008 644
1662376616818 0.000921507142857143 645
1662376618047 0.0009229342857142857 646
1662376619322 0.0009243614285714286 647
1662376620626 0.0009257885714285715 648
1662376621947 0.0009272157142857142 649
1662376623218 0.0009286428571428573 650
1662376624491 0.00093007 651
1662376625786 0.0009314971428571428 652
1662376627063 0.0009329242857142858 653
1662376628357 0.0009343514285714286 654
1662376629615 0.0009357785714285715 655
1662376630914 0.0009372057142857142 656
1662376632170 0.0009386328571428571 657
1662376633454 0.00094006 658
1662376634719 0.0009414871428571429 659
1662376635992 0.0009429142857142858 660
1662376637245 0.0009443414285714286 661
1662376638526 0.0009457685714285714 662
1662376639826 0.0009471957142857144 663
1662376641110 0.0009486228571428571 664
1662376642387 0.0009500500000000001 665
1662376643707 0.0009514771428571428 666
1662376644969 0.0009529042857142857 667
1662376646237 0.0009543314285714287 668
1662376647496 0.0009557585714285715 669
1662376648782 0.0009571857142857143 670
1662376650088 0.0009586128571428571 671
1662376651316 0.00096004 672
1662376652591 0.000961467142857143 673
1662376653917 0.0009628942857142857 674
1662376655118 0.0009643214285714285 675
1662376656374 0.0009657485714285715 676
1662376657684 0.0009671757142857143 677
1662376658994 0.0009686028571428573 678
1662376660229 0.00097003 679
1662376661489 0.0009714571428571428 680
1662376662784 0.0009728842857142857 681
1662376664060 0.0009743114285714286 682
1662376665300 0.0009757385714285714 683
1662376666571 0.0009771657142857142 684
1662376667839 0.0009785928571428573 685
1662376669093 0.00098002 686
1662376670356 0.0009814471428571429 687
1662376671602 0.0009828742857142857 688
1662376672908 0.0009843014285714285 689
1662376674196 0.0009857285714285715 690
1662376675437 0.0009871557142857143 691
1662376676724 0.0009885828571428571 692
1662376677961 0.00099001 693
1662376679213 0.000991437142857143 694
1662376680448 0.0009928642857142858 695
1662376681674 0.0009942914285714286 696
1662376682956 0.0009957185714285714 697
1662376684218 0.0009971457142857144 698
1662376685443 0.0009985728571428572 699
1662376686688 0.001 700
1662376687922 0.001 701
1662376689168 0.001 702
1662376690420 0.001 703
1662376691709 0.001 704
1662376693031 0.001 705
1662376694296 0.001 706
1662376695563 0.001 707
1662376696810 0.001 708
1662376698093 0.001 709
1662376699363 0.001 710
1662376700644 0.001 711
1662376701890 0.001 712
1662376703144 0.001 713
1662376704428 0.001 714
1662376705786 0.001 715
1662376707059 0.001 716
1662376708305 0.001 717
1662376709590 0.001 718
1662376710872 0.001 719
1662376712164 0.001 720
1662376713451 0.001 721
1662376714727 0.001 722
1662376716008 0.001 723
1662376717284 0.001 724
1662376718520 0.001 725
1662376719796 0.001 726
1662376721090 0.001 727
1662376722366 0.001 728
1662376723663 0.001 729
1662376724907 0.001 730
1662376726165 0.001 731
1662376727431 0.001 732
1662376728718 0.001 733
1662376729989 0.001 734
1662376731276 0.001 735
1662376732520 0.001 736
1662376733785 0.001 737
1662376734999 0.001 738
1662376736275 0.001 739
1662376737508 0.001 740
1662376738781 0.001 741
1662376740041 0.001 742
1662376741314 0.001 743
1662376742582 0.001 744
1662376743852 0.001 745
1662376745091 0.001 746
1662376746315 0.001 747
1662376747588 0.001 748
1662376748857 0.001 749
1662376750113 0.001 750
1662376751410 0.001 751
1662376752667 0.001 752
1662376753931 0.001 753
1662376755229 0.001 754
1662376756502 0.001 755
1662376757738 0.001 756
1662376759026 0.001 757
1662376760284 0.001 758
1662376761595 0.001 759
1662376762856 0.001 760
1662376764112 0.001 761
1662376765387 0.001 762
1662376766750 0.001 763
1662376767996 0.001 764
1662376769248 0.001 765
1662376770540 0.001 766
1662376771826 0.001 767
1662376773057 0.001 768
1662376774321 0.001 769
1662376775577 0.001 770
1662376776846 0.001 771
1662376778115 0.001 772
1662376779372 0.001 773
1662376780583 0.001 774
1662376781818 0.001 775
1662376783066 0.001 776
1662376784315 0.001 777
1662376785578 0.001 778
1662376786859 0.001 779
1662376788104 0.001 780
1662376789403 0.001 781
1662376790673 0.001 782
1662376791930 0.001 783
1662376793221 0.001 784
1662376794526 0.001 785
1662376795820 0.001 786
1662376797091 0.001 787
1662376798351 0.001 788
1662376799645 0.001 789
1662376800914 0.001 790
1662376802185 0.001 791
1662376803460 0.001 792
1662376804727 0.001 793
1662376805991 0.001 794
1662376807217 0.001 795
1662376808441 0.001 796
1662376809693 0.001 797
1662376810963 0.001 798
1662376811719 0.001 799
