1662375797173 0.23757616092916578 2
1662375798427 0.24343623802997172 3
1662375799690 0.22486159892287105 4
1662375800906 0.17636409308761358 5
1662375802143 0.22463593306019902 6
1662375803414 0.24477707606274635 7
1662375804683 0.22158139396924525 8
1662375805932 0.2153166059870273 9
1662375807180 0.21732868696562946 10
1662375808425 0.24401081597898155 11
1662375809683 0.2174023559782654 12
1662375810971 0.2180761219933629 13
1662375812191 0.19521364499814808 14
1662375813415 0.20627993100788444 15
1662375814670 0.2358534059021622 16
1662375815899 0.2079318150645122 17
1662375817203 0.2394924770342186 18
1662375818474 0.20941172703169286 19
1662375819740 0.19401641900185496 20
1662375821054 0.24408800003584474 21
1662375822341 0.22653457499109209 22
1662375823582 0.1841732389293611 23
1662375824819 0.21752001903951168 24
1662375826081 0.20508210000116378 25
1662375827286 0.2040068069472909 26
1662375828570 0.24463079997804016 27
1662375829829 0.20978165802080184 28
1662375831082 0.2146201110444963 29
1662375832350 0.2064829730661586 30
1662375833627 0.23838464892469347 31
1662375834875 0.20542210596613586 32
1662375836146 0.23451898305211216 33
1662375837390 0.20521302404813468 34
1662375838651 0.2266228620428592 35
1662375839909 0.2429855150403455 36
1662375841164 0.21609742299187928 37
1662375842447 0.2267395230010152 38
1662375843713 0.19692341797053814 39
1662375845030 0.24658862792421132 40
1662375846322 0.2288965550251305 41
1662375847612 0.23548965994268656 42
1662375848891 0.221668237936683 43
1662375850129 0.21041835995856673 44
1662375851430 0.24034325301181525 45
1662375852691 0.20226543594617397 46
1662375853946 0.2189518290106207 47
1662375855205 0.22242435510270298 48
1662375856471 0.2021799470530823 49
1662375857746 0.22623089200351387 50
1662375859032 0.21808998903725296 51
1662375860325 0.2456675679422915 52
1662375861669 0.24331146001350135 53
1662375862942 0.21464101399760693 54
1662375864199 0.2256501039955765 55
1662375865494 0.2143234759569168 56
1662375866765 0.218580037006177 57
1662375868077 0.22774451097939163 58
1662375869316 0.20901663601398468 59
1662375870609 0.22558267100248486 60
1662375871921 0.2192214260576293 61
1662375873300 0.25051085103768855 62
1662375874572 0.21875001897569746 63
1662375875825 0.22854098596144468 64
1662375877103 0.24352207803167403 65
1662375878344 0.19703732104972005 66
1662375879618 0.24261335004121065 67
1662375880910 0.2413786209654063 68
1662375882175 0.24071589205414057 69
1662375883465 0.2414889889769256 70
1662375884734 0.22754860506393015 71
1662375885966 0.18411174800712615 72
1662375887244 0.2273744100239128 73
1662375888503 0.21073113498277962 74
1662375889773 0.22741194406989962 75
1662375891060 0.20540814998093992 76
1662375892313 0.20602632698137313 77
1662375893558 0.2071483280742541 78
1662375894840 0.20670153095852584 79
1662375896091 0.19528239301871508 80
1662375897445 0.22710557701066136 81
1662375898745 0.2460068769287318 82
1662375899995 0.19054383994080126 83
1662375901301 0.20882571500260383 84
1662375902581 0.19681037706322968 85
1662375903857 0.20471675600856543 86
1662375905126 0.2140623270533979 87
1662375906416 0.22825832990929484 88
1662375907675 0.21485965908505023 89
1662375908948 0.2171937779057771 90
1662375910218 0.2108202719828114 91
1662375911510 0.22171833901666105 92
1662375912778 0.22613042499870062 93
1662375914056 0.2261466939235106 94
1662375915345 0.22617436503060162 95
1662375916624 0.2256059480132535 96
1662375917926 0.23644056904595345 97
1662375919228 0.2270691709127277 98
1662375920530 0.22820246999617666 99
1662375921827 0.23760649503674358 100
1662375923108 0.22725003806408495 101
1662375924375 0.21550330508034676 102
1662375925726 0.24269651609938592 103
1662375927016 0.2274288859916851 104
1662375928329 0.23516863503027707 105
1662375929642 0.2438747800188139 106
1662375930926 0.22191195201594383 107
1662375932274 0.2311070580035448 108
1662375933558 0.21850610594265163 109
1662375934820 0.21759361401200294 110
1662375936102 0.24086995690595359 111
1662375937396 0.20876904600299895 112
1662375938656 0.19582307094242424 113
1662375939925 0.21358479908667505 114
1662375941235 0.24047437706030905 115
1662375942499 0.21814655500929803 116
1662375943715 0.17509455000981688 117
1662375944963 0.2081126889679581 118
1662375946268 0.2392238510074094 119
1662375947554 0.21485985699109733 120
1662375948834 0.2353565690573305 121
1662375950121 0.21685611899010837 122
1662375951415 0.23117736307904124 123
1662375952656 0.197495908010751 124
1662375953969 0.2297444089781493 125
1662375955218 0.19276869599707425 126
1662375956503 0.24376653204672039 127
1662375957815 0.2190727930283174 128
1662375959078 0.21620551904197782 129
1662375960340 0.22447887796442956 130
1662375961574 0.1815424399683252 131
1662375962838 0.21838623099029064 132
1662375964131 0.21961068699602038 133
1662375965407 0.22816604701802135 134
1662375966696 0.23254185100086033 135
1662375967995 0.22008686407934874 136
1662375969282 0.24485986004583538 137
1662375970551 0.22425487206783146 138
1662375971842 0.21935622300952673 139
1662375973137 0.23741284699644893 140
1662375974415 0.22511502704583108 141
1662375975688 0.22742294403724372 142
1662375976973 0.20870934799313545 143
1662375978225 0.20843224809505045 144
1662375979509 0.24428062594961375 145
1662375980739 0.20570813701488078 146
1662375982028 0.24276876298245043 147
1662375983277 0.21488744602538645 148
1662375984522 0.20154506608378142 149
1662375985790 0.23570640396792442 150
1662375987065 0.24059836496599019 151
1662375988337 0.2108154189772904 152
1662375989644 0.23619725706521422 153
1662375990935 0.23453287803567946 154
1662375992227 0.2268739719875157 155
1662375993501 0.24413139908574522 156
1662375994805 0.21025838400237262 157
1662375996068 0.2201391279231757 158
1662375997370 0.2401399880181998 159
1662375998611 0.1865332960151136 160
1662375999872 0.21094399294815958 161
1662376001116 0.21052426099777222 162
1662376002423 0.23644868296105415 163
1662376003725 0.21838498092256486 164
1662376004985 0.2095595080172643 165
1662376006231 0.2084590659942478 166
1662376007488 0.21176555298734456 167
1662376008767 0.22777425101958215 168
1662376010046 0.2239540609298274 169
1662376011321 0.2091693750116974 170
1662376012648 0.24351747403852642 171
1662376013948 0.22882380802184343 172
1662376015257 0.2456619149306789 173
1662376016556 0.24536702502518892 174
1662376017807 0.20326206705067307 175
1662376019087 0.22765581810381263 176
1662376020356 0.21726649103220552 177
1662376021640 0.23738401499576867 178
1662376022931 0.22493348503485322 179
1662376024233 0.23562552803196013 180
1662376025538 0.24562057701405138 181
1662376026863 0.24338604998774827 182
1662376028166 0.246593571966514 183
1662376029438 0.2175079620210454 184
1662376030702 0.2172389660263434 185
1662376032017 0.23339663597289473 186
1662376033323 0.227216477971524 187
1662376034595 0.23834732407703996 188
1662376035854 0.19494165596552193 189
1662376037149 0.23741196002811193 190
1662376038425 0.20855918806046247 191
1662376039703 0.2151988180121407 192
1662376041005 0.24165952508337796 193
1662376042258 0.20977296505589038 194
1662376043499 0.17552937800064683 195
1662376044785 0.22542575397528708 196
1662376046041 0.20560993091203272 197
1662376047312 0.21771336800884455 198
1662376048606 0.21922706707846373 199
1662376049849 0.20389047206845134 200
1662376051154 0.2477478600339964 201
1662376052458 0.23880667402409017 202
1662376053687 0.19301528995856643 203
1662376054969 0.22891369997523725 204
1662376056250 0.20821305003482848 205
1662376057519 0.22702105797361583 206
1662376058764 0.20824169798288494 207
1662376060030 0.2231078640324995 208
1662376061278 0.21420099609531462 209
1662376062540 0.2228969109710306 210
1662376063824 0.22509141301270574 211
1662376065116 0.23645677301101387 212
1662376066373 0.2241939960513264 213
1662376067671 0.2444929979974404 214
1662376068927 0.21033133601304144 215
1662376070229 0.24312598095275462 216
1662376071488 0.2102231769822538 217
1662376072729 0.22062304406426847 218
1662376073999 0.2180664399638772 219
1662376075269 0.2238493129843846 220
1662376076589 0.22461763001047075 221
1662376077897 0.21024287305772305 222
1662376079167 0.225981155061163 223
1662376080457 0.22693735000211746 224
1662376081722 0.20601117401383817 225
1662376083012 0.2229194580577314 226
1662376084289 0.2436162120429799 227
1662376085548 0.21800357406027615 228
1662376086811 0.2210407230304554 229
1662376088135 0.2435114049585536 230
1662376089409 0.19601945695467293 231
1662376090677 0.21826562692876905 232
1662376091954 0.23588187992572784 233
1662376093239 0.23713183403015137 234
1662376094470 0.2036065689753741 235
1662376095747 0.22564407903701067 236
1662376097019 0.22017407999373972 237
1662376098258 0.21496080106589943 238
1662376099576 0.2445767190074548 239
1662376100824 0.21387227904051542 240
1662376102093 0.2063396539306268 241
1662376103352 0.22375714604277164 242
1662376104587 0.18751763796899468 243
1662376105849 0.20935440389439464 244
1662376107123 0.22783114691264927 245
1662376108403 0.20833202602807432 246
1662376109693 0.2179052799474448 247
1662376110913 0.20779307291377336 248
1662376112210 0.22274364496115595 249
1662376113518 0.24284830898977816 250
1662376114777 0.21863776491954923 251
1662376116031 0.2196795060299337 252
1662376117293 0.22283481492195278 253
1662376118577 0.24293131101876497 254
1662376119890 0.22752517694607377 255
1662376121131 0.20064798404928297 256
1662376122409 0.24404637096449733 257
1662376123698 0.22188713704235852 258
1662376124962 0.20706974307540804 259
1662376126194 0.211748112924397 260
1662376127448 0.21656478696968406 261
1662376128723 0.20919759303797036 262
1662376129948 0.17944120103493333 263
1662376131181 0.21370354702230543 264
1662376132448 0.21603503404185176 265
1662376133712 0.21119414491113275 266
1662376134963 0.19880459690466523 267
1662376136244 0.24282504292204976 268
1662376137528 0.23234125797171146 269
1662376138800 0.2253076700726524 270
1662376140068 0.2188108880072832 271
1662376141343 0.23309017496649176 272
1662376142623 0.24393944791518152 273
1662376143851 0.20912360306829214 274
1662376145158 0.22230134706478566 275
1662376146459 0.23816613003145903 276
1662376147735 0.2268399359891191 277
1662376149020 0.23820547689683735 278
1662376150305 0.22727194195613265 279
1662376151578 0.2207778380252421 280
1662376152892 0.21869568200781941 281
1662376154116 0.18838010798208416 282
1662376155397 0.2434063620166853 283
1662376156673 0.22608314699027687 284
1662376157950 0.2420729340519756 285
1662376159212 0.23917047295253724 286
1662376160506 0.2429931260412559 287
1662376161762 0.2191038290038705 288
1662376163065 0.24178301205392927 289
1662376164337 0.22814998705871403 290
1662376165636 0.24249362701084465 291
1662376166891 0.21182248601689935 292
1662376168175 0.24317035893909633 293
1662376169466 0.2257170049706474 294
1662376170768 0.23696624499280006 295
1662376172076 0.245635068975389 296
1662376173344 0.21688199206255376 297
1662376174603 0.22145547100808471 298
1662376175948 0.24847362900618464 299
1662376177194 0.21203144802711904 300
1662376178493 0.22333714901469648 301
1662376179791 0.24483488500118256 302
1662376181040 0.20944052108097821 303
1662376182275 0.19570028397720307 304
1662376183550 0.22403225302696228 305
1662376184814 0.21455433603841811 306
1662376186084 0.2209556729067117 307
1662376187393 0.23321663995739073 308
1662376188661 0.21020827593747526 309
1662376189935 0.22811485000420362 310
1662376191183 0.20104065397754312 311
1662376192445 0.22680477297399193 312
1662376193748 0.2440378121100366 313
1662376195034 0.24682210199534893 314
1662376196349 0.24427607795223594 315
1662376197612 0.2168703390052542 316
1662376198851 0.18344108504243195 317
1662376200150 0.19100186496507376 318
1662376201429 0.22021824796684086 319
1662376202707 0.2197573280427605 320
1662376204012 0.23142123396974057 321
1662376205272 0.23559136397670954 322
1662376206639 0.24565467901993543 323
1662376207949 0.23775567603297532 324
1662376209210 0.2110959319397807 325
1662376210511 0.2350713990163058 326
1662376211755 0.1944632310187444 327
1662376213014 0.2001339269336313 328
1662376214275 0.20496334391646087 329
1662376215577 0.23783989902585745 330
1662376216831 0.21476413903292269 331
1662376218097 0.21739795408211648 332
1662376219350 0.20335369103122503 333
1662376220617 0.20907007006462663 334
1662376221914 0.2396292999619618 335
1662376223240 0.23132513801101595 336
1662376224531 0.2137897660722956 337
1662376225792 0.21679903205949813 338
1662376227051 0.18263136490713805 339
1662376228337 0.2419136380776763 340
1662376229605 0.21009498089551926 341
1662376230924 0.24465965700801462 342
1662376232208 0.22746635403018445 343
1662376233522 0.2435675769811496 344
1662376234799 0.22095645905938 345
1662376236046 0.19743846205528826 346
1662376237303 0.2108685519779101 347
1662376238620 0.24456899194046855 348
1662376239913 0.2277506289537996 349
1662376241193 0.2244434340391308 350
1662376242455 0.20839458890259266 351
1662376243732 0.2176040569320321 352
1662376244995 0.21675409190356731 353
1662376246281 0.20525000500492752 354
1662376247564 0.22531082504428923 355
1662376248845 0.21762843301985413 356
1662376250124 0.24444906099233776 357
1662376251361 0.19616186106577516 358
1662376252645 0.22337867401074618 359
1662376253920 0.20264838391449302 360
1662376255173 0.22715155093465 361
1662376256470 0.24269390804693103 362
1662376257768 0.23699332401156425 363
1662376259055 0.21678718901239336 364
1662376260319 0.21536577795632184 365
1662376261632 0.2444023109273985 366
1662376262936 0.22755511908326298 367
1662376264238 0.2382248219801113 368
1662376265496 0.22273169097024947 369
1662376266771 0.2345647030742839 370
1662376268041 0.2035951279103756 371
1662376269294 0.20984173193573952 372
1662376270555 0.197288513998501 373
1662376271794 0.1968952160095796 374
1662376273091 0.22822312696371228 375
1662376274385 0.22646958101540804 376
1662376275659 0.24132114392705262 377
1662376276937 0.24124034505803138 378
1662376278203 0.2182384009938687 379
1662376279476 0.23915997706353664 380
1662376280727 0.21446322393603623 381
1662376282044 0.24351218400988728 382
1662376283333 0.24345230299513787 383
1662376284601 0.2011722499737516 384
1662376285907 0.24096035107504576 385
1662376287187 0.23788005101960152 386
1662376288426 0.2168996789259836 387
1662376289714 0.242818717029877 388
1662376291022 0.23417196096852422 389
1662376292291 0.2269305989611894 390
1662376293540 0.2228688260074705 391
1662376294764 0.1981914050411433 392
1662376296008 0.2179694069782272 393
1662376297281 0.21437169995624572 394
1662376298538 0.21002943301573396 395
1662376299799 0.23560628294944763 396
1662376301081 0.24131979106459767 397
1662376302331 0.20665803493466228 398
1662376303645 0.2178184089716524 399
1662376304899 0.22009005199652165 400
1662376306180 0.2258024220354855 401
1662376307501 0.24453275208361447 402
1662376308826 0.21287164592649788 403
1662376310079 0.21232374699320644 404
1662376311360 0.24098016996867955 405
1662376312642 0.24338637897744775 406
1662376313941 0.2189429230056703 407
1662376315189 0.19996201491449028 408
1662376316486 0.23963916301727295 409
1662376317773 0.2454097419977188 410
1662376319068 0.24507757904939353 411
1662376320355 0.23648137808777392 412
1662376321616 0.20830042997840792 413
1662376322885 0.22118809504900128 414
1662376324143 0.21668425400275737 415
1662376325380 0.18183068302460015 416
1662376326679 0.2407867480069399 417
1662376327910 0.20950000500306487 418
1662376329157 0.21940813504625112 419
1662376330397 0.22013496502768248 420
1662376331679 0.24454535997938365 421
1662376332945 0.216192297055386 422
1662376334189 0.1863072729902342 423
1662376335470 0.22376616206020117 424
1662376336756 0.24398320191539824 425
1662376338033 0.23461527202744037 426
1662376339277 0.21810366597492248 427
1662376340512 0.19849843299016356 428
1662376341803 0.21705636999104172 429
1662376343064 0.22600162192247808 430
1662376344319 0.21855690306983888 431
1662376345585 0.2239232499850914 432
1662376346801 0.18191976100206375 433
1662376348043 0.20932179898954928 434
1662376349260 0.20123674091883004 435
1662376350524 0.2277459620963782 436
1662376351772 0.22130443097557873 437
1662376353077 0.2415323869790882 438
1662376354306 0.20175684802234173 439
1662376355584 0.24383324198424816 440
1662376356877 0.23696266196202487 441
1662376358133 0.2086769170127809 442
1662376359445 0.2315106800524518 443
1662376360696 0.2145093660801649 444
1662376361949 0.1904049130389467 445
1662376363209 0.21999838901683688 446
1662376364493 0.23934978805482388 447
1662376365772 0.22570594504941255 448
1662376367046 0.22596439393237233 449
1662376368283 0.19630479405168444 450
1662376369540 0.21861975302454084 451
1662376370789 0.2223163559101522 452
1662376372078 0.24043991090729833 453
1662376373332 0.22895745502319187 454
1662376374589 0.21769545797724277 455
1662376375855 0.22649189794901758 456
1662376377146 0.21291911404114217 457
1662376378467 0.2452242609579116 458
1662376379844 0.2511864430271089 459
1662376381155 0.22649906598962843 460
1662376382497 0.2222577299689874 461
1662376383713 0.17880092503037304 462
1662376384986 0.2298027150100097 463
1662376386264 0.19569781597238034 464
1662376387624 0.23810034396592528 465
1662376388913 0.20795053604524583 466
1662376390214 0.24139478104189038 467
1662376391489 0.19922975404188037 468
1662376392752 0.21926170389633626 469
1662376394038 0.2425539520336315 470
1662376395336 0.23827831097878516 471
1662376396607 0.23252217599656433 472
1662376397879 0.23825265001505613 473
1662376399108 0.194719273946248 474
1662376400391 0.2177055060165003 475
1662376401739 0.2264823350124061 476
1662376403003 0.21791688608936965 477
1662376404255 0.20651561301201582 478
1662376405525 0.21699449594598264 479
1662376406799 0.23762669903226197 480
1662376408073 0.23739430797286332 481
1662376409320 0.22479057498276234 482
1662376410590 0.2367558820405975 483
1662376411857 0.22862207109574229 484
1662376413151 0.24239754094742239 485
1662376414405 0.2079462130786851 486
1662376415647 0.21504450193606317 487
1662376416900 0.2247380589833483 488
1662376418177 0.22677922889124602 489
1662376419434 0.21109327592421323 490
1662376420719 0.2399561309721321 491
1662376421921 0.18092962296213955 492
1662376423208 0.2435227270470932 493
1662376424456 0.196859312010929 494
1662376425807 0.2454868529457599 495
1662376427066 0.22519985400140285 496
1662376428276 0.1893523879116401 497
1662376429554 0.24239595199469477 498
1662376430808 0.224345791968517 499
1662376432026 0.21613207599148154 500
1662376433294 0.2256247049663216 501
1662376434536 0.19550648308359087 502
1662376435799 0.20163435104768723 503
1662376437057 0.21058612898923457 504
1662376438339 0.2414596100570634 505
1662376439604 0.20714082499034703 506
1662376440877 0.24207425292115659 507
1662376442159 0.21810222300700843 508
1662376443406 0.2087521660141647 509
1662376444650 0.20529700198676437 510
1662376445912 0.19581352407112718 511
1662376447123 0.18434398400131613 512
1662376448392 0.23358027602080256 513
1662376449714 0.2489848000695929 514
1662376450994 0.22534553601872176 515
1662376452277 0.2414797149831429 516
1662376453508 0.19697728101164103 517
1662376454746 0.18898250500205904 518
1662376456023 0.21948089601937681 519
1662376457348 0.1973008590284735 520
1662376458650 0.24017853697296232 521
1662376459887 0.19873013102915138 522
1662376461163 0.2276539010927081 523
1662376462425 0.22521726391278207 524
1662376463736 0.24203044304158539 525
1662376465041 0.24498196097556502 526
1662376466286 0.21130563993938267 527
1662376467569 0.2403909380082041 528
1662376468860 0.24638145207427442 529
1662376470161 0.21904804895166308 530
1662376471394 0.2095715900650248 531
1662376472633 0.1822383120888844 532
1662376473903 0.20848487794864923 533
1662376475205 0.24497302097734064 534
1662376476483 0.2283093499718234 535
1662376477766 0.24475007702130824 536
1662376479056 0.21442322398070246 537
1662376480327 0.24397160892840475 538
1662376481555 0.2102717759553343 539
1662376482796 0.1824344650376588 540
1662376484076 0.22386408399324864 541
1662376485361 0.24038854194805026 542
1662376486625 0.21736147196497768 543
1662376487896 0.23844653007108718 544
1662376489184 0.2427829400403425 545
1662376490453 0.2257615530397743 546
1662376491710 0.19482369697652757 547
1662376492972 0.2181318700313568 548
1662376494212 0.1950042569078505 549
1662376495495 0.2239043719600886 550
1662376496848 0.24045732896775007 551
1662376498091 0.2098457219544798 552
1662376499399 0.24346718890592456 553
1662376500651 0.20943276793695986 554
1662376501955 0.24272839806508273 555
1662376503250 0.23580384999513626 556
1662376504519 0.24161270691547543 557
1662376505790 0.21736360003706068 558
1662376507065 0.21881262899842113 559
1662376508339 0.2142181689850986 560
1662376509621 0.2253775269491598 561
1662376510886 0.2261410279897973 562
1662376512163 0.22861833695787936 563
1662376513441 0.22334471507929265 564
1662376514706 0.20123131200671196 565
1662376515940 0.20600442995782942 566
1662376517238 0.24368957697879523 567
1662376518541 0.22752527799457312 568
1662376519886 0.25489377300255 569
1662376521169 0.21896977699361742 570
1662376522446 0.226383390952833 571
1662376523744 0.2430964750237763 572
1662376525032 0.24153870006557554 573
1662376526330 0.23742524289991707 574
1662376527595 0.21987306093797088 575
1662376528871 0.2253110019955784 576
1662376530163 0.24483544402755797 577
1662376531402 0.19681469001807272 578
1662376532709 0.20885652396827936 579
1662376534004 0.2445309819886461 580
1662376535270 0.24483196099754423 581
1662376536529 0.24505683593451977 582
1662376537817 0.22385763889178634 583
1662376539059 0.19690117600839585 584
1662376540346 0.24432794307358563 585
1662376541561 0.19901242502965033 586
1662376542808 0.20499814895447344 587
1662376544052 0.22027604398317635 588
1662376545342 0.23860642197541893 589
1662376546615 0.22431339602917433 590
1662376547917 0.22641297802329063 591
1662376549181 0.21718659694306552 592
1662376550452 0.2188161420635879 593
1662376551693 0.2187514459947124 594
1662376552947 0.22378210292663425 595
1662376554215 0.22467965399846435 596
1662376555491 0.21718987997155637 597
1662376556826 0.24817315593827516 598
1662376558092 0.20229135593399405 599
1662376559375 0.2260624449700117 600
1662376560686 0.2436776290414855 601
1662376561933 0.20899603806901723 602
1662376563208 0.24467023694887757 603
1662376564420 0.1807600100291893 604
1662376565695 0.2181423039874062 605
1662376566976 0.2263596779666841 606
1662376568284 0.23021919908933342 607
1662376569549 0.22065149107947946 608
1662376570850 0.24192096607293934 609
1662376572136 0.18300295202061534 610
1662376573425 0.23955327994190156 611
1662376574672 0.21583450096659362 612
1662376575942 0.2175271559972316 613
1662376577260 0.24271692906040698 614
1662376578507 0.20591215800959617 615
1662376579794 0.22567094501573592 616
1662376581059 0.19210766698233783 617
1662376582343 0.22687917901203036 618
1662376583663 0.24238884099759161 619
1662376584930 0.2182755860267207 620
1662376586261 0.20910938398446888 621
1662376587566 0.24594878603238612 622
1662376588916 0.24158376711420715 623
1662376590188 0.22750335198361427 624
1662376591424 0.1766951639438048 625
1662376592655 0.21491207694634795 626
1662376593935 0.2056345990858972 627
1662376595191 0.2193765400443226 628
1662376596461 0.2456465179566294 629
1662376597812 0.24671916104853153 630
1662376599090 0.23792832205072045 631
1662376600343 0.224792439956218 632
1662376601642 0.24387836700771004 633
1662376602917 0.23073731397744268 634
1662376604152 0.18706158199347556 635
1662376605386 0.20805758703500032 636
1662376606619 0.19078745506703854 637
1662376607911 0.2442573510343209 638
1662376609211 0.21413451398257166 639
1662376610483 0.22802535991650075 640
1662376611779 0.225417262990959 641
1662376613033 0.2251979720313102 642
1662376614267 0.19587917998433113 643
1662376615548 0.24548873701132834 644
1662376616826 0.23635715700220317 645
1662376618056 0.1825897101080045 646
1662376619331 0.23793202708475292 647
1662376620634 0.23584634298458695 648
1662376621955 0.24526565906126052 649
1662376623227 0.21718392497859895 650
1662376624498 0.221720325993374 651
1662376625795 0.22519891802221537 652
1662376627072 0.22787865193095058 653
1662376628366 0.24331500893458724 654
1662376629623 0.23878402705304325 655
1662376630922 0.24522420996800065 656
1662376632176 0.22039219399448484 657
1662376633463 0.22492505609989166 658
1662376634729 0.20981339598074555 659
1662376635999 0.2378114900784567 660
1662376637253 0.21871310798451304 661
1662376638534 0.2373257870785892 662
1662376639835 0.24687987996730953 663
1662376641119 0.21589760191272944 664
1662376642396 0.22081618604715914 665
1662376643716 0.24427233706228435 666
1662376644977 0.21654728904832155 667
1662376646244 0.21903630497399718 668
1662376647505 0.23894884309265763 669
1662376648789 0.24001078808214515 670
1662376650095 0.2490543780149892 671
1662376651323 0.19147484295535833 672
1662376652600 0.21757686499040574 673
1662376653924 0.21040060394443572 674
1662376655125 0.18197853001765907 675
1662376656383 0.2270389460027218 676
1662376657693 0.23953555198386312 677
1662376659004 0.24586786690633744 678
1662376660236 0.19599716807715595 679
1662376661497 0.22628652898129076 680
1662376662793 0.23744079796597362 681
1662376664069 0.22597245289944112 682
1662376665306 0.2182489070110023 683
1662376666580 0.22356492199469358 684
1662376667848 0.23408957000356168 685
1662376669101 0.22857322497293353 686
1662376670365 0.21422358707059175 687
1662376671611 0.21079329901840538 688
1662376672917 0.2295601840596646 689
1662376674203 0.24398621497675776 690
1662376675444 0.2373592909425497 691
1662376676733 0.23607386799994856 692
1662376677970 0.2067865839926526 693
1662376679222 0.22471033106558025 694
1662376680458 0.20158317498862743 695
1662376681682 0.21790382906328887 696
1662376682962 0.2107234860304743 697
1662376684227 0.2434370060218498 698
1662376685452 0.19615967909339815 699
1662376686697 0.22526480199303478 700
1662376687931 0.2176096379989758 701
1662376689176 0.21811538189649582 702
1662376690429 0.21809488500002772 703
1662376691718 0.24581877794116735 704
1662376693040 0.2265823039924726 705
1662376694303 0.23931295005604625 706
1662376695572 0.22727019898593426 707
1662376696817 0.2205443310085684 708
1662376698101 0.22586001094896346 709
1662376699371 0.21754436695482582 710
1662376700653 0.20878544892184436 711
1662376701897 0.2200302629498765 712
1662376703153 0.1967651069862768 713
1662376704437 0.21906743198633194 714
1662376705795 0.21549676300492138 715
1662376707066 0.2428451799787581 716
1662376708314 0.20755850290879607 717
1662376709597 0.2416249210946262 718
1662376710882 0.21957945998292416 719
1662376712173 0.24469421000685543 720
1662376713460 0.23624237102922052 721
1662376714735 0.20903019304387271 722
1662376716017 0.2283816320123151 723
1662376717290 0.2451119899051264 724
1662376718526 0.20861451793462038 725
1662376719805 0.22209293604828417 726
1662376721098 0.2394850649870932 727
1662376722375 0.18321531999390572 728
1662376723671 0.2451043559703976 729
1662376724916 0.21667449292726815 730
1662376726172 0.21912479400634766 731
1662376727438 0.22814410703722388 732
1662376728727 0.242796289967373 733
1662376729998 0.20906430203467607 734
1662376731285 0.2190007200697437 735
1662376732526 0.2235882809618488 736
1662376733792 0.2415084249805659 737
1662376735007 0.1968337050639093 738
1662376736282 0.2282041129656136 739
1662376737516 0.2038717659888789 740
1662376738787 0.2290154240326956 741
1662376740049 0.21543960797134787 742
1662376741321 0.2273885749746114 743
1662376742588 0.22390105505473912 744
1662376743861 0.217717977007851 745
1662376745098 0.21722591598518193 746
1662376746324 0.18063994706608355 747
1662376747595 0.24286313098855317 748
1662376748864 0.23664230201393366 749
1662376750120 0.22861063305754215 750
1662376751419 0.24346251809038222 751
1662376752675 0.22273931605741382 752
1662376753939 0.21576341497711837 753
1662376755237 0.22002030909061432 754
1662376756511 0.2172904929611832 755
1662376757745 0.21102587401401252 756
1662376759036 0.23808339203242213 757
1662376760290 0.22638549900148064 758
1662376761605 0.21241975703742355 759
1662376762865 0.2249341340502724 760
1662376764119 0.208798557985574 761
1662376765395 0.20680898299906403 762
1662376766759 0.24376839096657932 763
1662376768005 0.20350593293551356 764
1662376769257 0.21063508302904665 765
1662376770549 0.24126661894842982 766
1662376771836 0.21801478799898177 767
1662376773064 0.19801017199642956 768
1662376774327 0.24397712002974004 769
1662376775586 0.21445654693525285 770
1662376776853 0.24465199699625373 771
1662376778122 0.24404636304825544 772
1662376779378 0.24030004302039742 773
1662376780590 0.21028931601904333 774
1662376781825 0.2101040929555893 775
1662376783075 0.22382935497444123 776
1662376784324 0.1928467620164156 777
1662376785586 0.21924580202903599 778
1662376786865 0.24363696295768023 779
1662376788110 0.21158930100500584 780
1662376789412 0.21748270303942263 781
1662376790680 0.20703354000579566 782
1662376791939 0.17945634096395224 783
1662376793229 0.2361500619444996 784
1662376794535 0.20748844998888671 785
1662376795829 0.2439144350355491 786
1662376797098 0.2252948839450255 787
1662376798359 0.213023810996674 788
1662376799654 0.24196440097875893 789
1662376800923 0.21936313493642956 790
1662376802193 0.22390627802815288 791
1662376803469 0.20961330691352487 792
1662376804736 0.2255218989448622 793
1662376805998 0.2273772689513862 794
1662376807225 0.20136724191252142 795
1662376808447 0.20867922494653612 796
1662376809702 0.19216426007915288 797
1662376810972 0.2122875030618161 798
1662376811733 0.22215829999186099 799
