1662375794578 0.21936054504476488 0
1662375795781 0.14925313711864874 1
1662375797159 0.19457211438566446 2
1662375798418 0.31477557541802526 3
1662375799680 0.19751252327114344 4
1662375800894 0.14057064556982368 5
1662375802133 0.2866487414576113 6
1662375803403 0.23054758401121944 7
1662375804670 0.19633430178510025 8
1662375805923 0.1554401319444878 9
1662375807168 0.22912850021384656 10
1662375808416 0.2240297909011133 11
1662375809670 0.12808473012410104 12
1662375810957 0.23213580920128152 13
1662375812178 0.13960694684647024 14
1662375813403 0.16990076965885237 15
1662375814656 0.16597401330363937 16
1662375815886 0.3102199323475361 17
1662375817191 0.13257826177868992 18
1662375818461 0.1509348057443276 19
1662375819726 0.19221036339877173 20
1662375821045 0.21159448841353878 21
1662375822327 0.3136572102084756 22
1662375823568 0.3238991016987711 23
1662375824809 0.13548177559277974 24
1662375826068 0.16543809935683385 25
1662375827274 0.15926847734954208 26
1662375828560 0.25971419899724424 27
1662375829816 0.25017149883206 28
1662375831072 0.18227093818131834 29
1662375832337 0.13061254238709807 30
1662375833617 0.1625092666654382 31
1662375834865 0.14405487314797938 32
1662375836136 0.14619570673676208 33
1662375837378 0.25148573456681333 34
1662375838635 0.2666245774598792 35
1662375839897 0.17750372714363039 36
1662375841151 0.15279860445298254 37
1662375842434 0.2165506447199732 38
1662375843697 0.20046783931320533 39
1662375845017 0.20478680795349646 40
1662375846312 0.2984357080422342 41
1662375847599 0.11144642501312774 42
1662375848878 0.20873422060685698 43
1662375850120 0.2635463948827237 44
1662375851418 0.12646254009450786 45
1662375852678 0.1344348728598561 46
1662375853934 0.22443902818486094 47
1662375855193 0.22888470813632011 48
1662375856458 0.21130172710400075 49
1662375857732 0.18316668272018433 50
1662375859019 0.15093896180042066 51
1662375860315 0.22248510166537017 52
1662375861656 0.2000228786491789 53
1662375862929 0.1656169139314443 54
1662375864189 0.3067400883883238 55
1662375865481 0.11711319431196898 56
1662375866753 0.3392782168230042 57
1662375868063 0.18085335349314846 58
1662375869306 0.09834008107281988 59
1662375870595 0.20781288505531847 60
1662375871908 0.2423498050775379 61
1662375873288 0.1419382727035554 62
1662375874559 0.17328885017195717 63
1662375875815 0.14209991137613542 64
1662375877094 0.1717240676516667 65
1662375878335 0.08364142864593305 66
1662375879609 0.16225527474307455 67
1662375880901 0.11495135660516098 68
1662375882165 0.16977533040335402 69
1662375883452 0.20685257436707616 70
1662375884721 0.22609525173902512 71
1662375885954 0.1581211591255851 72
1662375887231 0.29035823652520776 73
1662375888490 0.19827450250159018 74
1662375889764 0.18082347477320582 75
1662375891046 0.12238261237507686 76
1662375892300 0.1155276854406111 77
1662375893548 0.13116720801917836 78
1662375894831 0.15942283847834915 79
1662375896078 0.35755355563014746 80
1662375897431 0.14334700928884558 81
1662375898732 0.3233145442791283 82
1662375899982 0.3336939646396786 83
1662375901288 0.17430159822106361 84
1662375902569 0.3643911036197096 85
1662375903847 0.11423137775273062 86
1662375905112 0.13908643217291683 87
1662375906404 0.1623979636351578 88
1662375907666 0.1446865391189931 89
1662375908935 0.3661818818654865 90
1662375910206 0.36365075915819034 91
1662375911501 0.1222835959342774 92
1662375912767 0.1288435757451225 93
1662375914045 0.31900532776489854 94
1662375915332 0.17715673381462693 95
1662375916612 0.15194229444023222 96
1662375917912 0.09683701224275865 97
1662375919215 0.12700655322987586 98
1662375920515 0.29338902421295643 99
1662375921814 0.13539155648322776 100
1662375923096 0.21335684810765088 101
1662375924365 0.17715070210397243 102
1662375925715 0.14837046584580094 103
1662375927003 0.3815653952478897 104
1662375928319 0.14330164270359091 105
1662375929629 0.1314632409485057 106
1662375930914 0.1424718330381438 107
1662375932260 0.11519431298074778 108
1662375933545 0.20506091648712754 109
1662375934810 0.1026049026986584 110
1662375936093 0.12565444922074676 111
1662375937383 0.34730524802580476 112
1662375938642 0.2125160489231348 113
1662375939913 0.15419456345262006 114
1662375941222 0.10597841843264177 115
1662375942489 0.2365001206053421 116
1662375943702 0.13379304346744902 117
1662375944953 0.2464235429360997 118
1662375946258 0.2127963124657981 119
1662375947541 0.24130005136248656 120
1662375948824 0.08996902366925497 121
1662375950109 0.10196515715506393 122
1662375951402 0.09470005394541658 123
1662375952643 0.18595274508697912 124
1662375953956 0.15767144010169432 125
1662375955206 0.12541771330870688 126
1662375956493 0.14463447965681553 127
1662375957803 0.17379272694233805 128
1662375959065 0.13482744601788 129
1662375960331 0.14813581865746528 130
1662375961564 0.1860689563327469 131
1662375962825 0.26108989608474076 132
1662375964117 0.16156573593616486 133
1662375965398 0.17130422059562989 134
1662375966684 0.148636796628125 135
1662375967984 0.2636094218760263 136
1662375969269 0.23595396662130952 137
1662375970542 0.13651541780564003 138
1662375971828 0.1145663779170718 139
1662375973123 0.12814398016780615 140
1662375974402 0.13497087653377093 141
1662375975679 0.1680681704892777 142
1662375976962 0.19168305594939739 143
1662375978212 0.3046875633299351 144
1662375979496 0.5597921088337898 145
1662375980726 0.17494312056805938 146
1662375982016 0.14778490003664047 147
1662375983264 0.13958998810267076 148
1662375984509 0.27527885825838894 149
1662375985777 0.09311436155985575 150
1662375987055 0.14421082359331194 151
1662375988324 0.22672821313608438 152
1662375989631 0.08656957477796823 153
1662375990922 0.1273438783828169 154
1662375992214 0.21459746043547057 155
1662375993492 0.16242394334403798 156
1662375994791 0.10084563589771278 157
1662375996059 0.15166706132004037 158
1662375997354 0.14541446861403529 159
1662375998598 0.18723268760368228 160
1662375999859 0.18742789840325713 161
1662376001103 0.5811430446337909 162
1662376002409 0.13570555089972913 163
1662376003712 0.23515848210081458 164
1662376004972 0.12672378835850395 165
1662376006218 0.29179256688803434 166
1662376007478 0.08987547233118676 167
1662376008754 0.2452765661291778 168
1662376010033 0.18084846256533638 169
1662376011307 0.12049883378494997 170
1662376012635 0.12662272997840773 171
1662376013935 0.2332570655271411 172
1662376015244 0.1753575511975214 173
1662376016543 0.23450016416609287 174
1662376017794 0.09560694001993397 175
1662376019074 0.3034691531211138 176
1662376020347 0.10370409823372029 177
1662376021627 0.10728835986810736 178
1662376022917 0.1904058603104204 179
1662376024221 0.12252640730002895 180
1662376025525 0.19630882260389626 181
1662376026851 0.311020742286928 182
1662376028154 0.16441803995985538 183
1662376029429 0.2116048825555481 184
1662376030689 0.18466153996996582 185
1662376032004 0.16498186229728162 186
1662376033309 0.1231888284382876 187
1662376034585 0.2118859207839705 188
1662376035841 0.18382496561389416 189
1662376037137 0.10631244877004065 190
1662376038412 0.17569589166669175 191
1662376039692 0.10390837510931306 192
1662376040993 0.12309270247351378 193
1662376042249 0.34559691985487007 194
1662376043485 0.23436125309672207 195
1662376044772 0.14951787306927145 196
1662376046032 0.11406809109030291 197
1662376047300 0.23522867541760206 198
1662376048593 0.4263901461963542 199
1662376049836 0.14667717996053398 200
1662376051142 0.42581755854189396 201
1662376052446 0.11934819701127708 202
1662376053675 0.16331860038917512 203
1662376054956 0.2030757834436372 204
1662376056236 0.27393514895811677 205
1662376057506 0.19739172980189323 206
1662376058751 0.07417947857175022 207
1662376060017 0.34376833389978856 208
1662376061269 0.09035281850083265 209
1662376062528 0.1567588706384413 210
1662376063813 0.14277722605038434 211
1662376065104 0.08762983848282602 212
1662376066361 0.11779157700948417 213
1662376067658 0.14407821450731717 214
1662376068917 0.2657859790197108 215
1662376070217 0.15914471936412156 216
1662376071476 0.2826898532221094 217
1662376072720 0.1716928231762722 218
1662376073985 0.18777695897733793 219
1662376075255 0.29613895900547504 220
1662376076577 0.16202023188816383 221
1662376077885 0.1494102310971357 222
1662376079154 0.19311746559105814 223
1662376080444 0.1533166206208989 224
1662376081712 0.16858277464052662 225
1662376082999 0.1411831071600318 226
1662376084278 0.2567211715504527 227
1662376085535 0.17480302165495232 228
1662376086799 0.195577786071226 229
1662376088122 0.35776883363723755 230
1662376089396 0.13427840953227133 231
1662376090665 0.13394685025559738 232
1662376091942 0.11002798960544169 233
1662376093225 0.15772692009340972 234
1662376094461 0.10080811883381102 235
1662376095734 0.12101685159723274 236
1662376097009 0.11747612143517472 237
1662376098248 0.06361513555748388 238
1662376099561 0.1722874473198317 239
1662376100812 0.2619293452007696 240
1662376102081 0.4380019372329116 241
1662376103343 0.17218870797660202 242
1662376104574 0.09573911360348575 243
1662376105836 0.17450519371777773 244
1662376107110 0.11472573701757938 245
1662376108390 0.23390264913905412 246
1662376109680 0.10101230250438675 247
1662376110903 0.1324352192459628 248
1662376112196 0.12578465457772836 249
1662376113505 0.3022391631966457 250
1662376114764 0.13231684551283251 251
1662376116018 0.19666713569313288 252
1662376117280 0.13395334890810773 253
1662376118567 0.1585949274012819 254
1662376119877 0.16108144097961485 255
1662376121119 0.07695729343686253 256
1662376122397 0.11944464821135625 257
1662376123686 0.20624364376999438 258
1662376124947 0.07995442222454585 259
1662376126185 0.24355486826971173 260
1662376127435 0.22872047766577452 261
1662376128713 0.229337933473289 262
1662376129935 0.2471278776647523 263
1662376131171 0.15961751440772787 264
1662376132435 0.07203424209728837 265
1662376133699 0.20670205855276436 266
1662376134950 0.12749352178070694 267
1662376136231 0.3593514060485177 268
1662376137518 0.223538625985384 269
1662376138787 0.12076206260826439 270
1662376140054 0.25818935612915084 271
1662376141330 0.11671506497077644 272
1662376142611 0.2123581669293344 273
1662376143841 0.12363568000728264 274
1662376145145 0.12790222460171208 275
1662376146446 0.10364874490187503 276
1662376147722 0.15673520939890295 277
1662376149007 0.14958636407391168 278
1662376150296 0.3393714182311669 279
1662376151568 0.12279587276862003 280
1662376152881 0.2344226643908769 281
1662376154103 0.10078922104730736 282
1662376155384 0.1542628969909856 283
1662376156660 0.2068908247165382 284
1662376157941 0.10335846722591668 285
1662376159200 0.14820815320126712 286
1662376160493 0.225097403395921 287
1662376161751 0.13527873379644006 288
1662376163051 0.10287199985759798 289
1662376164324 0.13606916699791327 290
1662376165624 0.12247978703817353 291
1662376166877 0.2865406656637788 292
1662376168162 0.11224213024252094 293
1662376169453 0.1378610560495872 294
1662376170759 0.10767244664020836 295
1662376172064 0.22805434931069613 296
1662376173330 0.12587274608085863 297
1662376174589 0.12620249815518036 298
1662376175934 0.14403503756329883 299
1662376177184 0.387370971031487 300
1662376178479 0.1197352020535618 301
1662376179779 0.3056125483708456 302
1662376181028 0.07695088399486849 303
1662376182266 0.29918491281569004 304
1662376183537 0.11182327070855536 305
1662376184801 0.12197248410666361 306
1662376186071 0.09232560388045385 307
1662376187380 0.08607894519809633 308
1662376188651 0.20731259539024904 309
1662376189922 0.24957505147904158 310
1662376191170 0.10771659770398401 311
1662376192433 0.19387635996099561 312
1662376193735 0.14054097718326375 313
1662376195022 0.24206360476091504 314
1662376196337 0.1163576758117415 315
1662376197603 0.24198809638619423 316
1662376198839 0.15992258046753705 317
1662376200137 0.09506492703803815 318
1662376201419 0.1682571351993829 319
1662376202694 0.15192608250072226 320
1662376203999 0.12040581170003861 321
1662376205262 0.11133539403090253 322
1662376206625 0.14464081020560116 323
1662376207936 0.08288793947940576 324
1662376209198 0.1587626707041636 325
1662376210498 0.08458306547254324 326
1662376211746 0.3478254293440841 327
1662376213003 0.09818198319408111 328
1662376214262 0.14339464926160872 329
1662376215563 0.14685589884174988 330
1662376216817 0.15030462158028968 331
1662376218084 0.23233381612226367 332
1662376219340 0.14793411013670266 333
1662376220604 0.10357933655905072 334
1662376221901 0.0999967834650306 335
1662376223231 0.2783303882461041 336
1662376224518 0.3852305030450225 337
1662376225782 0.3943094927817583 338
1662376227040 0.20450148382224143 339
1662376228324 0.12157332804054022 340
1662376229591 0.1894141344819218 341
1662376230911 0.08977724645228591 342
1662376232195 0.2667426366824657 343
1662376233508 0.17246406254707836 344
1662376234786 0.15443171485094354 345
1662376236033 0.07254871547047514 346
1662376237290 0.13991841580718756 347
1662376238607 0.21906293113715947 348
1662376239901 0.17438977991696447 349
1662376241180 0.12201649622875266 350
1662376242443 0.1810927774058655 351
1662376243721 0.13106722999509657 352
1662376244982 0.11013579343853053 353
1662376246268 0.10527118893514853 354
1662376247551 0.11163571647193749 355
1662376248832 0.12087763275485486 356
1662376250115 0.13468615492456593 357
1662376251351 0.18622894666623324 358
1662376252634 0.23263465077616274 359
1662376253907 0.08586642396403477 360
1662376255164 0.18901869840919971 361
1662376256458 0.2906288499943912 362
1662376257758 0.10374216211494058 363
1662376259042 0.12670586348394863 364
1662376260307 0.12487338826758787 365
1662376261618 0.1677866606041789 366
1662376262923 0.15385546284960583 367
1662376264224 0.10650001524481922 368
1662376265487 0.14723516983212903 369
1662376266761 0.13815257814712822 370
1662376268028 0.06642294430639595 371
1662376269282 0.3501973757520318 372
1662376270542 0.36671850737184286 373
1662376271782 0.3027486364590004 374
1662376273077 0.14406022027833387 375
1662376274374 0.13933496992103755 376
1662376275647 0.1126426930713933 377
1662376276926 0.2896235953667201 378
1662376278190 0.12031868629856035 379
1662376279464 0.2715875143185258 380
1662376280713 0.12025188944244292 381
1662376282035 0.12042556586675346 382
1662376283320 0.12923418512218632 383
1662376284587 0.16715539165306836 384
1662376285895 0.08784839316649595 385
1662376287177 0.1153878627155791 386
1662376288416 0.22099014511331916 387
1662376289701 0.23468758817762136 388
1662376291007 0.10460286145098507 389
1662376292278 0.1495644326787442 390
1662376293531 0.14849534013774246 391
1662376294755 0.07083038869313896 392
1662376295998 0.33882624725811183 393
1662376297267 0.18200071380124427 394
1662376298524 0.09742933000961784 395
1662376299789 0.09555292253935477 396
1662376301067 0.09318092773901299 397
1662376302319 0.10858042410109192 398
1662376303628 0.1598151433863677 399
1662376304886 0.16642285435227677 400
1662376306168 0.13048608705867082 401
1662376307488 0.15826416184427217 402
1662376308812 0.09355376270832494 403
1662376310069 0.17081930791027844 404
1662376311347 0.37857954669743776 405
1662376312632 0.16650464991107583 406
1662376313929 0.13333686749683693 407
1662376315176 0.10941987746628001 408
1662376316473 0.215152035234496 409
1662376317759 0.19878426170907915 410
1662376319054 0.2302423152141273 411
1662376320342 0.10665659402729943 412
1662376321604 0.2451861072331667 413
1662376322873 0.12546403147280216 414
1662376324129 0.18006998702185228 415
1662376325367 0.10286203125724569 416
1662376326664 0.1081137397850398 417
1662376327898 0.18492027651518583 418
1662376329145 0.08627270236320328 419
1662376330387 0.1740689668804407 420
1662376331668 0.29797784984111786 421
1662376332932 0.15289887331891805 422
1662376334176 0.14128362013434526 423
1662376335457 0.1961668537114747 424
1662376336746 0.22593327471986413 425
1662376338023 0.0890255945851095 426
1662376339268 0.22048448948771693 427
1662376340502 0.08417297402047552 428
1662376341789 0.07017505558906123 429
1662376343051 0.12430086318636313 430
1662376344306 0.10950157411571126 431
1662376345573 0.13247534516267478 432
1662376346788 0.3710929637309164 433
1662376348030 0.20289609926112462 434
1662376349250 0.18089029809925705 435
1662376350511 0.16323709435528144 436
1662376351762 0.19724260037764907 437
1662376353064 0.1575815505348146 438
1662376354296 0.07750611208030023 439
1662376355572 0.16564425436081365 440
1662376356864 0.10677633926388808 441
1662376358123 0.15131513169035316 442
1662376359431 0.06580618223233614 443
1662376360686 0.11237150864326395 444
1662376361936 0.08775576451444067 445
1662376363200 0.2933926326222718 446
1662376364480 0.1264920230023563 447
1662376365759 0.30242519453167915 448
1662376367033 0.13248771653161384 449
1662376368270 0.14505684320465662 450
1662376369527 0.1196273930836469 451
1662376370776 0.1990385469980538 452
1662376372065 0.1070155121415155 453
1662376373323 0.12679346679942682 454
1662376374575 0.2513188954326324 455
1662376375843 0.12356235331390053 456
1662376377137 0.16191134823020548 457
1662376378455 0.20066222280729562 458
1662376379834 0.13841641586623155 459
1662376381142 0.1087236802559346 460
1662376382484 0.09985483629861847 461
1662376383700 0.10676219133893028 462
1662376384974 0.10870738061203156 463
1662376386252 0.2792989003355615 464
1662376387611 0.18491443479433656 465
1662376388900 0.22802881244570017 466
1662376390200 0.11304074978397693 467
1662376391475 0.07191157573834062 468
1662376392739 0.21458906098268926 469
1662376394024 0.21923763724043965 470
1662376395323 0.10421613260405138 471
1662376396594 0.10640457909903489 472
1662376397866 0.22347099258331582 473
1662376399095 0.1486435661208816 474
1662376400381 0.13807601213920861 475
1662376401725 0.1977185566793196 476
1662376402990 0.11627162990043871 477
1662376404242 0.11262879543937743 478
1662376405512 0.13798070681514218 479
1662376406786 0.11159363941987976 480
1662376408061 0.08599544281605631 481
1662376409310 0.08943842345615849 482
1662376410577 0.09824195194960339 483
1662376411844 0.14232422053464688 484
1662376413138 0.12177256675204262 485
1662376414392 0.23687188467010856 486
1662376415634 0.10476369166281074 487
1662376416886 0.15086716577934567 488
1662376418164 0.33867887780070305 489
1662376419422 0.1438535479537677 490
1662376420707 0.22443178109824657 491
1662376421911 0.17900472661131062 492
1662376423195 0.28008958720602095 493
1662376424443 0.17695790575817227 494
1662376425794 0.26520964805968106 495
1662376427053 0.12325061170849949 496
1662376428267 0.09228631190489978 497
1662376429542 0.1045814350945875 498
1662376430799 0.12237665602879133 499
1662376432015 0.1463486077846028 500
1662376433281 0.23804956185631454 501
1662376434521 0.1344459185784217 502
1662376435782 0.13739443264785223 503
1662376437045 0.09584445733344182 504
1662376438327 0.19093309086747468 505
1662376439591 0.13369373005116358 506
1662376440868 0.2780831540003419 507
1662376442146 0.1434545799274929 508
1662376443397 0.15755623498989735 509
1662376444638 0.13824834674596786 510
1662376445899 0.1576475899782963 511
1662376447113 0.1362478693772573 512
1662376448379 0.09288836045016069 513
1662376449701 0.11496498866472393 514
1662376450980 0.2208651201799512 515
1662376452265 0.16892884980188683 516
1662376453495 0.1340843493817374 517
1662376454734 0.08311268732359167 518
1662376456009 0.12450140311557334 519
1662376457335 0.1741283864248544 520
1662376458632 0.09488069734652527 521
1662376459877 0.07679000070493203 522
1662376461150 0.4798563502263278 523
1662376462412 0.08166074180917349 524
1662376463723 0.14449089413392358 525
1662376465028 0.21781746158376336 526
1662376466274 0.10738956573186442 527
1662376467556 0.1123963303398341 528
1662376468847 0.24574717157520354 529
1662376470147 0.2110448582097888 530
1662376471385 0.320856277277926 531
1662376472620 0.09336256916867569 532
1662376473890 0.07839796050393488 533
1662376475191 0.23499314486980438 534
1662376476470 0.3289648490026593 535
1662376477753 0.11020822532009333 536
1662376479043 0.22855744167463854 537
1662376480314 0.17724967747926712 538
1662376481545 0.12616151169640943 539
1662376482783 0.08067335691885091 540
1662376484066 0.11406439542770386 541
1662376485352 0.09917915856931359 542
1662376486611 0.08807182445889339 543
1662376487885 0.10163102664228063 544
1662376489172 0.11454504390712827 545
1662376490440 0.17427384515758604 546
1662376491700 0.2747992589138448 547
1662376492959 0.17414191039279103 548
1662376494199 0.16149320470867679 549
1662376495484 0.12993602282949723 550
1662376496835 0.1128965932293795 551
1662376498082 0.34005442482884973 552
1662376499386 0.15366096136858687 553
1662376500638 0.15952053474029526 554
1662376501942 0.1376549377455376 555
1662376503238 0.14712032521492802 556
1662376504509 0.14659836288774386 557
1662376505777 0.15215641912072897 558
1662376507054 0.22208319325000048 559
1662376508324 0.08956373765249737 560
1662376509612 0.24522769619943574 561
1662376510873 0.11340962973190472 562
1662376512150 0.1488252659328282 563
1662376513428 0.13321460314909928 564
1662376514693 0.07534646982094273 565
1662376515930 0.07987182424403727 566
1662376517225 0.25818224530667067 567
1662376518526 0.09471558844961692 568
1662376519876 0.2995916837826371 569
1662376521156 0.4489969373680651 570
1662376522437 0.2620383850298822 571
1662376523734 0.1310918524977751 572
1662376525020 0.10608498885994777 573
1662376526317 0.0737083752756007 574
1662376527582 0.16140070225810632 575
1662376528860 0.23608399229124188 576
1662376530151 0.1614417548989877 577
1662376531392 0.1570000810897909 578
1662376532694 0.1391270370222628 579
1662376533994 0.12688602990237996 580
1662376535261 0.1874955437378958 581
1662376536519 0.21946220073732547 582
1662376537803 0.216009947063867 583
1662376539048 0.07045682493480854 584
1662376540333 0.19473147217649966 585
1662376541550 0.26685203425586224 586
1662376542795 0.09549015342781786 587
1662376544040 0.09468273706443142 588
1662376545332 0.09889564935292583 589
1662376546602 0.08914458128856495 590
1662376547903 0.15946541132871062 591
1662376549168 0.1154662951012142 592
1662376550441 0.1544303495902568 593
1662376551683 0.1197030037001241 594
1662376552937 0.1094326305174036 595
1662376554203 0.22630340047180653 596
1662376555478 0.08068250230280682 597
1662376556814 0.11266928073018789 598
1662376558079 0.07909066272259224 599
1662376559362 0.26513007015455514 600
1662376560673 0.3677110450807959 601
1662376561921 0.15354700945317745 602
1662376563199 0.18456326803425327 603
1662376564410 0.17869749735109508 604
1662376565685 0.10668651119340211 605
1662376566966 0.10180521455185954 606
1662376568270 0.06863020571472589 607
1662376569537 0.14643108495511115 608
1662376570836 0.20524014835245907 609
1662376572122 0.07758655038196594 610
1662376573414 0.25323684117756784 611
1662376574662 0.22661725210491568 612
1662376575929 0.11047047312604263 613
1662376577247 0.23642602714244276 614
1662376578494 0.16693560359999537 615
1662376579781 0.21269649034366012 616
1662376581046 0.14026187045965344 617
1662376582333 0.14440906685194932 618
1662376583648 0.11723191184864845 619
1662376584917 0.23311128374189138 620
1662376586247 0.11645750803290866 621
1662376587553 0.17253103258553892 622
1662376588903 0.09716418740572408 623
1662376590175 0.1258021475514397 624
1662376591410 0.09964706713799387 625
1662376592645 0.22902168217115104 626
1662376593922 0.2645425184164196 627
1662376595179 0.11197738430928439 628
1662376596448 0.19238273450173438 629
1662376597799 0.2107464293949306 630
1662376599076 0.09328769441344775 631
1662376600330 0.15717416489496827 632
1662376601628 0.1425594873726368 633
1662376602904 0.17832510790321976 634
1662376604138 0.10503303905716166 635
1662376605376 0.41440633637830615 636
1662376606606 0.09888270648662001 637
1662376607898 0.10760210134321824 638
1662376609197 0.07031181629281491 639
1662376610471 0.4339595049386844 640
1662376611765 0.1872315309010446 641
1662376613024 0.14326116925803944 642
1662376614253 0.1969967681216076 643
1662376615537 0.11499732220545411 644
1662376616814 0.08418387389974669 645
1662376618043 0.1499280961288605 646
1662376619318 0.10312400758266449 647
1662376620622 0.2649023192934692 648
1662376621942 0.11571084283059463 649
1662376623214 0.16131943557411432 650
1662376624488 0.15408830386877526 651
1662376625781 0.15849092905409634 652
1662376627059 0.14559294533682987 653
1662376628353 0.26385556580498815 654
1662376629611 0.1006267511183978 655
1662376630910 0.17938770831096917 656
1662376632167 0.24976223759585992 657
1662376633450 0.11637277525733225 658
1662376634714 0.18328462075442076 659
1662376635989 0.08702380093745887 660
1662376637240 0.14060101809445769 661
1662376638522 0.09768853013520129 662
1662376639822 0.230659470660612 663
1662376641105 0.23310406715609133 664
1662376642383 0.0860530900536105 665
1662376643702 0.20395081111928448 666
1662376644965 0.10282535482838284 667
1662376646234 0.11238073164713569 668
1662376647492 0.10531138724763878 669
1662376648779 0.2337122056633234 670
1662376650084 0.1570949026499875 671
1662376651313 0.09626695372571703 672
1662376652587 0.19496686509228311 673
1662376653914 0.09752241364185465 674
1662376655115 0.13521447754465044 675
1662376656370 0.13081260561011732 676
1662376657679 0.31694446760229766 677
1662376658989 0.18327629182022065 678
1662376660225 0.2705213543958962 679
1662376661484 0.14646397664910182 680
1662376662780 0.12178918850258924 681
1662376664056 0.11725568855763413 682
1662376665297 0.14693747577257454 683
1662376666567 0.26323048677295446 684
1662376667834 0.06972974458767567 685
1662376669089 0.20772834634408355 686
1662376670352 0.10992717251065187 687
1662376671598 0.11591123515972868 688
1662376672904 0.4194186798413284 689
1662376674193 0.15033219277393073 690
1662376675434 0.1396167406346649 691
1662376676719 0.34397296281531453 692
1662376677957 0.22144145891070366 693
1662376679209 0.10604565373796504 694
1662376680443 0.06843743333593011 695
1662376681670 0.08399752150398854 696
1662376682953 0.15239054581616074 697
1662376684213 0.1460662498138845 698
1662376685439 0.10301612588227727 699
1662376686685 0.13805123348720372 700
1662376687919 0.11477515765000135 701
1662376689164 0.15659268508898094 702
1662376690416 0.11761202238267288 703
1662376691705 0.10740812466247007 704
1662376693027 0.14000842557288706 705
1662376694293 0.11886540165869519 706
1662376695559 0.10770315094850957 707
1662376696807 0.145976475905627 708
1662376698088 0.1385433907416882 709
1662376699358 0.19084219250362366 710
1662376700640 0.34162438148632646 711
1662376701887 0.14158844761550426 712
1662376703139 0.1591389736859128 713
1662376704423 0.08229488898359705 714
1662376705781 0.08396687312051654 715
1662376707056 0.14248871733434498 716
1662376708300 0.12019431043881923 717
1662376709587 0.12617605365812778 718
1662376710868 0.26671298645669594 719
1662376712160 0.15716450137551874 720
1662376713447 0.11542635736986995 721
1662376714722 0.07640412112232298 722
1662376716003 0.29440970346331596 723
1662376717281 0.20418179160333239 724
1662376718517 0.14375892371754162 725
1662376719792 0.09071307974227238 726
1662376721086 0.07394280249718577 727
1662376722363 0.098628800114966 728
1662376723659 0.2306582573801279 729
1662376724903 0.09383271801561932 730
1662376726161 0.2297870721668005 731
1662376727428 0.1616395649180049 732
1662376728714 0.21284327283501625 733
1662376729985 0.1623277529142797 734
1662376731272 0.10799602358019911 735
1662376732517 0.09042021748609841 736
1662376733782 0.13712188322097063 737
1662376734996 0.18880993241327815 738
1662376736272 0.14554479444632307 739
1662376737503 0.12988155460334383 740
1662376738777 0.49728213460184634 741
1662376740036 0.11073905426019337 742
1662376741311 0.13532495038816705 743
1662376742579 0.09595080437429715 744
1662376743848 0.21577758190687746 745
1662376745088 0.10515162171213888 746
1662376746311 0.15887625102186576 747
1662376747585 0.12214084865991026 748
1662376748854 0.07549017017299775 749
1662376750110 0.10747990263917018 750
1662376751406 0.12523570453049615 751
1662376752664 0.11404628471063916 752
1662376753927 0.10348334643640555 753
1662376755225 0.06488870055181906 754
1662376756498 0.11175548727624118 755
1662376757735 0.21233910718001425 756
1662376759022 0.19773806480225176 757
1662376760281 0.11586516193347052 758
1662376761591 0.168236902798526 759
1662376762852 0.18957180005963892 760
1662376764109 0.27564669237472117 761
1662376765382 0.15277199598494917 762
1662376766745 0.2601332888007164 763
1662376767992 0.10851941324654035 764
1662376769244 0.10381057174527086 765
1662376770536 0.09436785339494236 766
1662376771821 0.07828505788347684 767
1662376773054 0.27485672291368246 768
1662376774318 0.1238454703707248 769
1662376775573 0.10411396977724507 770
1662376776843 0.12389601918403059 771
1662376778112 0.10487605590606108 772
1662376779369 0.09995818554307334 773
1662376780580 0.1573762120679021 774
1662376781815 0.209127530164551 775
1662376783062 0.075665854557883 776
1662376784311 0.2676866613328457 777
1662376785574 0.22453547624172643 778
1662376786856 0.1311303317634156 779
1662376788101 0.1112315597711131 780
1662376789398 0.1866833558306098 781
1662376790669 0.19024604692822322 782
1662376791925 0.2413563610170968 783
1662376793216 0.0757281365658855 784
1662376794522 0.1602118268929189 785
1662376795816 0.40188581217080355 786
1662376797088 0.14932946526096202 787
1662376798347 0.12357007243554108 788
1662376799641 0.12231604789849371 789
1662376800910 0.12660211065667681 790
1662376802180 0.12148793594678864 791
1662376803456 0.0654982608393766 792
1662376804723 0.14810656788176857 793
1662376805988 0.42487527220509946 794
1662376807213 0.08116272019105963 795
1662376808438 0.1606367597123608 796
1662376809688 0.2150686513632536 797
1662376810959 0.10991233851018478 798
1662376811710 0.11449446016922593 799
