1662375794573 0.98828125 0
1662375795776 0.9921875 1
1662375797152 0.99609375 2
1662375798414 0.97265625 3
1662375799676 0.99609375 4
1662375800890 0.99609375 5
1662375802129 0.984375 6
1662375803400 0.984375 7
1662375804665 0.9921875 8
1662375805919 0.98828125 9
1662375807164 0.9921875 10
1662375808412 0.984375 11
1662375809665 0.99609375 12
1662375810951 0.98828125 13
1662375812172 1.0 14
1662375813398 0.9921875 15
1662375814650 0.98828125 16
1662375815880 0.984375 17
1662375817186 0.9921875 18
1662375818457 0.9921875 19
1662375819720 0.984375 20
1662375821041 0.984375 21
1662375822322 0.98046875 22
1662375823562 0.953125 23
1662375824805 0.99609375 24
1662375826063 0.9921875 25
1662375827269 0.98828125 26
1662375828556 0.96875 27
1662375829811 0.98046875 28
1662375831069 0.98828125 29
1662375832332 1.0 30
1662375833613 0.9921875 31
1662375834861 0.98828125 32
1662375836132 0.984375 33
1662375837372 0.99609375 34
1662375838631 0.98046875 35
1662375839893 0.99609375 36
1662375841146 0.9921875 37
1662375842428 0.98828125 38
1662375843691 0.9921875 39
1662375845009 0.9921875 40
1662375846308 0.953125 41
1662375847594 0.9921875 42
1662375848873 0.9765625 43
1662375850116 0.97265625 44
1662375851414 0.9921875 45
1662375852673 0.99609375 46
1662375853928 0.98828125 47
1662375855188 0.98828125 48
1662375856453 0.98046875 49
1662375857727 0.98828125 50
1662375859014 1.0 51
1662375860312 0.984375 52
1662375861650 0.984375 53
1662375862923 0.99609375 54
1662375864185 0.9765625 55
1662375865475 0.9921875 56
1662375866749 0.97265625 57
1662375868058 1.0 58
1662375869303 0.9921875 59
1662375870589 0.9921875 60
1662375871903 0.9921875 61
1662375873282 0.99609375 62
1662375874554 0.98828125 63
1662375875812 0.984375 64
1662375877090 0.98828125 65
1662375878332 0.99609375 66
1662375879605 0.984375 67
1662375880897 1.0 68
1662375882162 0.9921875 69
1662375883447 0.9765625 70
1662375884716 0.97265625 71
1662375885948 0.98828125 72
1662375887225 0.984375 73
1662375888484 0.9921875 74
1662375889760 0.99609375 75
1662375891040 1.0 76
1662375892295 0.9921875 77
1662375893545 0.9921875 78
1662375894827 0.99609375 79
1662375896073 0.984375 80
1662375897425 0.9921875 81
1662375898726 0.97265625 82
1662375899976 0.9921875 83
1662375901284 0.9921875 84
1662375902564 0.9453125 85
1662375903844 0.99609375 86
1662375905107 0.9921875 87
1662375906398 0.98828125 88
1662375907662 1.0 89
1662375908930 0.9765625 90
1662375910202 0.9609375 91
1662375911497 0.984375 92
1662375912762 0.99609375 93
1662375914042 0.984375 94
1662375915326 0.9921875 95
1662375916607 0.99609375 96
1662375917907 1.0 97
1662375919209 0.99609375 98
1662375920510 0.953125 99
1662375921808 1.0 100
1662375923091 1.0 101
1662375924361 0.984375 102
1662375925710 0.98828125 103
1662375926998 0.96875 104
1662375928316 0.9921875 105
1662375929624 1.0 106
1662375930909 0.99609375 107
1662375932255 0.9921875 108
1662375933540 0.984375 109
1662375934806 1.0 110
1662375936089 1.0 111
1662375937378 0.9609375 112
1662375938637 0.984375 113
1662375939909 0.9921875 114
1662375941216 0.9921875 115
1662375942485 0.98828125 116
1662375943696 0.98046875 117
1662375944949 0.97265625 118
1662375946254 0.9921875 119
1662375947536 0.97265625 120
1662375948820 1.0 121
1662375950104 0.98828125 122
1662375951397 1.0 123
1662375952638 0.9765625 124
1662375953950 0.984375 125
1662375955200 1.0 126
1662375956490 1.0 127
1662375957796 0.98828125 128
1662375959060 0.9921875 129
1662375960328 0.99609375 130
1662375961560 0.98046875 131
1662375962819 0.984375 132
1662375964111 0.98046875 133
1662375965394 0.98046875 134
1662375966679 0.9921875 135
1662375967981 0.9921875 136
1662375969264 0.99609375 137
1662375970538 1.0 138
1662375971823 0.9921875 139
1662375973117 0.98828125 140
1662375974397 0.9921875 141
1662375975675 0.984375 142
1662375976958 0.98828125 143
1662375978206 0.9765625 144
1662375979490 0.953125 145
1662375980721 0.9921875 146
1662375982011 1.0 147
1662375983259 0.98828125 148
1662375984504 0.99609375 149
1662375985771 0.99609375 150
1662375987052 0.9921875 151
1662375988318 0.98828125 152
1662375989625 1.0 153
1662375990917 0.984375 154
1662375992208 0.98046875 155
1662375993488 1.0 156
1662375994786 0.9921875 157
1662375996055 0.9921875 158
1662375997348 0.984375 159
1662375998593 0.98828125 160
1662375999854 0.97265625 161
1662376001098 0.921875 162
1662376002404 0.9921875 163
1662376003707 0.984375 164
1662376004968 0.9921875 165
1662376006212 0.98046875 166
1662376007475 0.99609375 167
1662376008748 0.984375 168
1662376010028 0.9765625 169
1662376011302 1.0 170
1662376012630 1.0 171
1662376013929 0.98046875 172
1662376015238 0.984375 173
1662376016538 0.984375 174
1662376017789 0.9921875 175
1662376019069 0.984375 176
1662376020343 1.0 177
1662376021621 0.9921875 178
1662376022911 0.98828125 179
1662376024216 1.0 180
1662376025519 0.98046875 181
1662376026846 0.94140625 182
1662376028148 0.9921875 183
1662376029425 0.98828125 184
1662376030684 0.9921875 185
1662376031998 0.984375 186
1662376033304 0.984375 187
1662376034581 0.97265625 188
1662376035835 0.984375 189
1662376037132 0.99609375 190
1662376038407 0.984375 191
1662376039688 1.0 192
1662376040988 1.0 193
1662376042245 0.98046875 194
1662376043479 0.99609375 195
1662376044767 0.99609375 196
1662376046028 0.984375 197
1662376047295 0.99609375 198
1662376048588 0.9765625 199
1662376049831 0.98828125 200
1662376051137 0.9453125 201
1662376052442 0.9921875 202
1662376053671 0.99609375 203
1662376054950 0.9765625 204
1662376056231 0.98828125 205
1662376057501 0.9765625 206
1662376058745 0.99609375 207
1662376060012 0.98828125 208
1662376061265 1.0 209
1662376062523 0.98828125 210
1662376063808 0.99609375 211
1662376065099 0.99609375 212
1662376066356 0.99609375 213
1662376067653 0.99609375 214
1662376068914 0.98828125 215
1662376070211 0.98828125 216
1662376071471 0.9765625 217
1662376072716 1.0 218
1662376073980 0.984375 219
1662376075250 0.984375 220
1662376076572 0.98828125 221
1662376077881 0.9921875 222
1662376079149 0.99609375 223
1662376080438 1.0 224
1662376081708 0.98046875 225
1662376082993 0.99609375 226
1662376084274 0.984375 227
1662376085530 0.98828125 228
1662376086794 0.97265625 229
1662376088117 0.9453125 230
1662376089390 0.99609375 231
1662376090661 1.0 232
1662376091937 0.99609375 233
1662376093220 0.9921875 234
1662376094457 0.99609375 235
1662376095729 0.9921875 236
1662376097005 0.98828125 237
1662376098245 1.0 238
1662376099555 0.9921875 239
1662376100807 0.96484375 240
1662376102077 0.94921875 241
1662376103340 0.98828125 242
1662376104570 0.99609375 243
1662376105830 0.98828125 244
1662376107105 1.0 245
1662376108385 0.9921875 246
1662376109674 0.9921875 247
1662376110900 0.99609375 248
1662376112190 0.9921875 249
1662376113499 0.9921875 250
1662376114759 1.0 251
1662376116013 0.9921875 252
1662376117276 0.98046875 253
1662376118563 0.99609375 254
1662376119871 0.99609375 255
1662376121114 0.99609375 256
1662376122392 0.9921875 257
1662376123681 0.99609375 258
1662376124941 0.99609375 259
1662376126181 0.9765625 260
1662376127429 0.9921875 261
1662376128709 0.97265625 262
1662376129930 0.98828125 263
1662376131168 1.0 264
1662376132429 1.0 265
1662376133693 0.98828125 266
1662376134946 0.99609375 267
1662376136225 0.9765625 268
1662376137514 0.98046875 269
1662376138782 1.0 270
1662376140048 0.98828125 271
1662376141325 1.0 272
1662376142607 0.98046875 273
1662376143838 1.0 274
1662376145140 0.99609375 275
1662376146440 0.99609375 276
1662376147719 0.98828125 277
1662376149001 0.984375 278
1662376150292 0.92578125 279
1662376151565 0.9921875 280
1662376152877 0.98046875 281
1662376154098 1.0 282
1662376155379 0.98828125 283
1662376156654 0.98828125 284
1662376157937 0.98828125 285
1662376159196 0.984375 286
1662376160487 0.98828125 287
1662376161746 0.99609375 288
1662376163045 0.99609375 289
1662376164318 0.98828125 290
1662376165620 0.9921875 291
1662376166872 0.984375 292
1662376168157 0.99609375 293
1662376169448 0.99609375 294
1662376170755 1.0 295
1662376172059 0.98046875 296
1662376173325 0.99609375 297
1662376174584 0.98828125 298
1662376175928 0.99609375 299
1662376177180 0.9765625 300
1662376178474 0.9921875 301
1662376179773 0.98828125 302
1662376181023 1.0 303
1662376182262 0.94921875 304
1662376183531 0.98828125 305
1662376184795 0.9921875 306
1662376186066 1.0 307
1662376187375 0.9921875 308
1662376188648 0.9765625 309
1662376189917 0.9921875 310
1662376191165 0.99609375 311
1662376192429 0.984375 312
1662376193730 0.984375 313
1662376195018 0.9765625 314
1662376196332 1.0 315
1662376197599 0.98046875 316
1662376198834 0.984375 317
1662376200131 1.0 318
1662376201415 0.9921875 319
1662376202689 1.0 320
1662376203994 0.99609375 321
1662376205258 1.0 322
1662376206620 0.99609375 323
1662376207931 1.0 324
1662376209193 0.984375 325
1662376210492 0.99609375 326
1662376211742 0.98046875 327
1662376212999 0.9921875 328
1662376214257 0.9921875 329
1662376215558 0.9921875 330
1662376216812 0.99609375 331
1662376218078 0.984375 332
1662376219337 0.984375 333
1662376220598 0.99609375 334
1662376221896 0.9921875 335
1662376223227 0.9609375 336
1662376224513 0.94921875 337
1662376225778 0.9609375 338
1662376227037 0.9921875 339
1662376228318 0.99609375 340
1662376229586 0.98828125 341
1662376230906 0.99609375 342
1662376232189 0.99609375 343
1662376233502 0.9765625 344
1662376234781 0.9921875 345
1662376236028 0.99609375 346
1662376237285 0.98828125 347
1662376238602 0.98046875 348
1662376239897 0.984375 349
1662376241175 0.98828125 350
1662376242437 0.98046875 351
1662376243717 0.99609375 352
1662376244977 0.9921875 353
1662376246263 0.99609375 354
1662376247546 1.0 355
1662376248827 0.9921875 356
1662376250111 0.99609375 357
1662376251348 0.99609375 358
1662376252631 0.984375 359
1662376253902 1.0 360
1662376255160 1.0 361
1662376256453 0.9921875 362
1662376257754 1.0 363
1662376259037 0.9921875 364
1662376260304 1.0 365
1662376261613 0.98828125 366
1662376262917 0.99609375 367
1662376264219 1.0 368
1662376265483 0.984375 369
1662376266758 0.98046875 370
1662376268022 1.0 371
1662376269277 0.9609375 372
1662376270536 0.96875 373
1662376271777 0.96875 374
1662376273071 0.99609375 375
1662376274369 0.9921875 376
1662376275642 0.9921875 377
1662376276922 1.0 378
1662376278186 0.98828125 379
1662376279460 0.9921875 380
1662376280708 0.984375 381
1662376282031 0.99609375 382
1662376283313 0.98828125 383
1662376284582 0.9921875 384
1662376285890 0.99609375 385
1662376287174 0.99609375 386
1662376288412 0.9765625 387
1662376289695 0.984375 388
1662376291000 1.0 389
1662376292273 0.984375 390
1662376293527 0.98828125 391
1662376294751 1.0 392
1662376295994 0.9453125 393
1662376297262 0.98828125 394
1662376298519 0.9921875 395
1662376299785 1.0 396
1662376301062 1.0 397
1662376302314 0.99609375 398
1662376303621 0.9921875 399
1662376304881 0.984375 400
1662376306164 0.98828125 401
1662376307483 0.98828125 402
1662376308806 0.99609375 403
1662376310066 0.98828125 404
1662376311342 0.96875 405
1662376312628 0.9921875 406
1662376313924 0.9921875 407
1662376315171 1.0 408
1662376316468 1.0 409
1662376317754 0.98828125 410
1662376319048 0.98828125 411
1662376320337 1.0 412
1662376321598 0.984375 413
1662376322868 0.99609375 414
1662376324124 0.98828125 415
1662376325361 0.99609375 416
1662376326658 0.99609375 417
1662376327893 0.99609375 418
1662376329141 0.99609375 419
1662376330384 0.984375 420
1662376331663 0.98046875 421
1662376332926 0.98046875 422
1662376334171 0.98046875 423
1662376335453 0.9921875 424
1662376336742 0.95703125 425
1662376338020 0.99609375 426
1662376339264 0.9921875 427
1662376340499 0.9921875 428
1662376341784 1.0 429
1662376343046 0.9921875 430
1662376344300 0.9921875 431
1662376345566 0.98828125 432
1662376346783 0.96875 433
1662376348025 0.98828125 434
1662376349247 0.98828125 435
1662376350506 0.9765625 436
1662376351759 0.984375 437
1662376353058 0.99609375 438
1662376354292 0.99609375 439
1662376355567 0.984375 440
1662376356858 0.9921875 441
1662376358119 0.98828125 442
1662376359426 1.0 443
1662376360682 1.0 444
1662376361931 0.9921875 445
1662376363196 0.9609375 446
1662376364474 0.98828125 447
1662376365754 0.99609375 448
1662376367027 0.99609375 449
1662376368264 0.984375 450
1662376369521 0.99609375 451
1662376370772 0.9765625 452
1662376372060 0.9921875 453
1662376373319 0.98828125 454
1662376374570 0.98828125 455
1662376375837 0.9921875 456
1662376377133 0.9921875 457
1662376378450 0.97265625 458
1662376379830 0.984375 459
1662376381137 0.99609375 460
1662376382479 1.0 461
1662376383695 1.0 462
1662376384970 1.0 463
1662376386247 0.95703125 464
1662376387605 0.98828125 465
1662376388894 0.98828125 466
1662376390193 0.99609375 467
1662376391469 0.99609375 468
1662376392735 0.99609375 469
1662376394019 0.98046875 470
1662376395317 1.0 471
1662376396589 0.9921875 472
1662376397861 0.96875 473
1662376399090 1.0 474
1662376400378 0.9921875 475
1662376401719 0.99609375 476
1662376402984 0.9921875 477
1662376404237 0.98828125 478
1662376405507 1.0 479
1662376406781 0.9921875 480
1662376408056 0.99609375 481
1662376409307 0.9921875 482
1662376410571 0.9921875 483
1662376411838 0.984375 484
1662376413132 0.98828125 485
1662376414386 0.9765625 486
1662376415629 0.9921875 487
1662376416881 0.99609375 488
1662376418158 0.9765625 489
1662376419415 0.9921875 490
1662376420703 0.984375 491
1662376421907 0.98828125 492
1662376423190 0.984375 493
1662376424437 1.0 494
1662376425789 0.97265625 495
1662376427047 0.984375 496
1662376428263 0.99609375 497
1662376429537 0.99609375 498
1662376430795 0.9921875 499
1662376432010 0.9921875 500
1662376433276 0.98046875 501
1662376434516 0.9921875 502
1662376435777 0.9921875 503
1662376437040 0.99609375 504
1662376438321 0.9765625 505
1662376439586 0.99609375 506
1662376440864 0.9765625 507
1662376442140 0.9921875 508
1662376443393 1.0 509
1662376444633 0.9921875 510
1662376445893 0.9921875 511
1662376447109 0.99609375 512
1662376448373 0.99609375 513
1662376449695 0.9921875 514
1662376450975 0.9765625 515
1662376452260 0.984375 516
1662376453490 0.99609375 517
1662376454729 1.0 518
1662376456003 0.98828125 519
1662376457330 0.98828125 520
1662376458627 0.9921875 521
1662376459873 0.99609375 522
1662376461145 0.953125 523
1662376462406 0.99609375 524
1662376463718 0.98046875 525
1662376465024 0.97265625 526
1662376466269 0.9921875 527
1662376467551 0.9921875 528
1662376468842 0.984375 529
1662376470142 1.0 530
1662376471381 0.9609375 531
1662376472614 0.99609375 532
1662376473885 1.0 533
1662376475186 0.97265625 534
1662376476465 0.98046875 535
1662376477748 0.98828125 536
1662376479037 0.98046875 537
1662376480308 1.0 538
1662376481542 1.0 539
1662376482778 0.99609375 540
1662376484062 0.99609375 541
1662376485348 1.0 542
1662376486605 1.0 543
1662376487881 0.99609375 544
1662376489166 0.99609375 545
1662376490434 0.984375 546
1662376491696 0.97265625 547
1662376492953 0.9921875 548
1662376494194 0.98046875 549
1662376495479 0.9921875 550
1662376496829 0.99609375 551
1662376498079 0.97265625 552
1662376499380 0.9921875 553
1662376500632 0.98828125 554
1662376501937 1.0 555
1662376503234 0.98046875 556
1662376504506 0.9921875 557
1662376505771 1.0 558
1662376507050 0.9921875 559
1662376508319 0.99609375 560
1662376509608 0.98828125 561
1662376510868 0.99609375 562
1662376512145 0.99609375 563
1662376513423 0.984375 564
1662376514688 1.0 565
1662376515926 0.99609375 566
1662376517219 0.98828125 567
1662376518520 0.99609375 568
1662376519872 0.984375 569
1662376521150 0.96875 570
1662376522433 0.95703125 571
1662376523730 0.9921875 572
1662376525015 0.99609375 573
1662376526311 1.0 574
1662376527578 0.9921875 575
1662376528855 0.98046875 576
1662376530146 0.97265625 577
1662376531388 0.984375 578
1662376532688 0.98828125 579
1662376533991 0.99609375 580
1662376535257 0.98046875 581
1662376536516 0.98828125 582
1662376537798 0.98046875 583
1662376539045 1.0 584
1662376540327 0.99609375 585
1662376541545 0.984375 586
1662376542791 0.9921875 587
1662376544035 0.9921875 588
1662376545329 0.98828125 589
1662376546597 1.0 590
1662376547897 0.99609375 591
1662376549163 1.0 592
1662376550437 0.98828125 593
1662376551679 1.0 594
1662376552933 0.98046875 595
1662376554197 1.0 596
1662376555473 0.99609375 597
1662376556808 1.0 598
1662376558074 1.0 599
1662376559356 0.95703125 600
1662376560667 0.9296875 601
1662376561916 0.9921875 602
1662376563196 0.99609375 603
1662376564406 0.98828125 604
1662376565681 0.99609375 605
1662376566963 1.0 606
1662376568264 1.0 607
1662376569532 0.98828125 608
1662376570830 0.9921875 609
1662376572117 0.99609375 610
1662376573410 0.984375 611
1662376574658 0.99609375 612
1662376575925 0.99609375 613
1662376577242 0.99609375 614
1662376578489 0.984375 615
1662376579775 0.9921875 616
1662376581040 0.98828125 617
1662376582329 0.984375 618
1662376583643 1.0 619
1662376584911 0.98828125 620
1662376586241 1.0 621
1662376587548 0.9765625 622
1662376588897 0.98828125 623
1662376590170 0.98828125 624
1662376591405 0.99609375 625
1662376592641 0.9765625 626
1662376593917 0.97265625 627
1662376595174 0.99609375 628
1662376596442 0.984375 629
1662376597794 0.984375 630
1662376599071 1.0 631
1662376600325 0.9921875 632
1662376601622 0.99609375 633
1662376602898 0.9921875 634
1662376604133 0.9921875 635
1662376605373 0.953125 636
1662376606600 0.9921875 637
1662376607893 0.9921875 638
1662376609191 1.0 639
1662376610466 0.94921875 640
1662376611760 0.984375 641
1662376613020 0.984375 642
1662376614247 0.98828125 643
1662376615533 0.99609375 644
1662376616810 1.0 645
1662376618039 0.99609375 646
1662376619314 1.0 647
1662376620618 0.9921875 648
1662376621937 1.0 649
1662376623208 0.98828125 650
1662376624485 0.9921875 651
1662376625775 0.984375 652
1662376627053 0.98828125 653
1662376628349 0.98828125 654
1662376629607 0.9921875 655
1662376630906 0.9921875 656
1662376632163 0.984375 657
1662376633444 0.9921875 658
1662376634708 0.98046875 659
1662376635985 1.0 660
1662376637235 0.9921875 661
1662376638516 0.99609375 662
1662376639816 0.99609375 663
1662376641100 0.96484375 664
1662376642377 0.99609375 665
1662376643696 0.984375 666
1662376644961 0.9921875 667
1662376646231 1.0 668
1662376647487 0.9921875 669
1662376648776 0.98046875 670
1662376650079 0.99609375 671
1662376651309 0.98828125 672
1662376652582 0.98046875 673
1662376653910 0.9921875 674
1662376655111 0.9921875 675
1662376656365 0.9921875 676
1662376657674 0.96484375 677
1662376658983 0.984375 678
1662376660221 0.9765625 679
1662376661479 0.9921875 680
1662376662775 0.99609375 681
1662376664050 0.98828125 682
1662376665293 0.984375 683
1662376666562 0.9921875 684
1662376667829 1.0 685
1662376669084 0.98828125 686
1662376670346 0.99609375 687
1662376671594 0.99609375 688
1662376672898 0.9375 689
1662376674189 0.99609375 690
1662376675430 0.99609375 691
1662376676714 0.9609375 692
1662376677951 0.98046875 693
1662376679203 1.0 694
1662376680437 1.0 695
1662376681666 1.0 696
1662376682949 1.0 697
1662376684207 0.98828125 698
1662376685434 1.0 699
1662376686680 0.984375 700
1662376687914 1.0 701
1662376689159 0.98828125 702
1662376690410 1.0 703
1662376691700 0.99609375 704
1662376693022 1.0 705
1662376694289 0.98828125 706
1662376695553 1.0 707
1662376696803 0.99609375 708
1662376698083 0.98828125 709
1662376699353 0.9921875 710
1662376700634 0.95703125 711
1662376701884 0.99609375 712
1662376703134 0.98828125 713
1662376704418 1.0 714
1662376705775 0.9921875 715
1662376707052 0.984375 716
1662376708295 0.98828125 717
1662376709583 0.9921875 718
1662376710862 0.98046875 719
1662376712155 0.9921875 720
1662376713442 0.9921875 721
1662376714717 0.99609375 722
1662376715997 0.953125 723
1662376717277 1.0 724
1662376718513 0.99609375 725
1662376719786 1.0 726
1662376721082 0.99609375 727
1662376722358 0.99609375 728
1662376723654 0.984375 729
1662376724899 1.0 730
1662376726157 0.9921875 731
1662376727424 0.9921875 732
1662376728709 0.98046875 733
1662376729979 0.9921875 734
1662376731266 0.98046875 735
1662376732513 0.9921875 736
1662376733778 0.98828125 737
1662376734991 0.984375 738
1662376736268 0.984375 739
1662376737498 0.9921875 740
1662376738774 0.92578125 741
1662376740031 0.98828125 742
1662376741308 0.99609375 743
1662376742575 1.0 744
1662376743842 0.9921875 745
1662376745084 0.99609375 746
1662376746306 0.98828125 747
1662376747582 1.0 748
1662376748851 1.0 749
1662376750106 0.98828125 750
1662376751402 0.99609375 751
1662376752659 0.9921875 752
1662376753921 1.0 753
1662376755220 1.0 754
1662376756491 0.99609375 755
1662376757732 0.96484375 756
1662376759017 0.99609375 757
1662376760277 1.0 758
1662376761586 0.99609375 759
1662376762846 0.9765625 760
1662376764106 0.98046875 761
1662376765376 0.99609375 762
1662376766739 0.984375 763
1662376767986 1.0 764
1662376769238 0.99609375 765
1662376770531 1.0 766
1662376771816 0.99609375 767
1662376773050 0.9453125 768
1662376774314 0.9921875 769
1662376775568 1.0 770
1662376776840 0.99609375 771
1662376778109 0.99609375 772
1662376779365 0.98828125 773
1662376780576 0.984375 774
1662376781812 0.98046875 775
1662376783056 1.0 776
1662376784306 0.9921875 777
1662376785569 0.984375 778
1662376786853 0.9921875 779
1662376788097 1.0 780
1662376789393 0.9921875 781
1662376790666 0.98828125 782
1662376791920 0.99609375 783
1662376793211 0.99609375 784
1662376794516 0.9921875 785
1662376795810 0.96875 786
1662376797085 0.98828125 787
1662376798342 0.99609375 788
1662376799635 0.98828125 789
1662376800905 0.98828125 790
1662376802175 0.99609375 791
1662376803451 1.0 792
1662376804719 0.9921875 793
1662376805984 0.96484375 794
1662376807209 1.0 795
1662376808434 0.98046875 796
1662376809682 0.9765625 797
1662376810953 0.99609375 798
1662376811700 0.99609375 799
