1662375794574 0.015873015873015872 0
1662375795777 0.01818181818181818 1
1662375797155 0.024390243902439025 2
1662375798415 0.015625 3
1662375799677 0.01639344262295082 4
1662375800891 0.0 5
1662375802130 0.04918032786885246 6
1662375803401 0.03125 7
1662375804666 0.03636363636363636 8
1662375805920 0.0392156862745098 9
1662375807165 0.015625 10
1662375808413 0.015625 11
1662375809667 0.0 12
1662375810953 0.015625 13
1662375812174 0.0 14
1662375813400 0.0 15
1662375814652 0.0 16
1662375815882 0.017241379310344827 17
1662375817188 0.02 18
1662375818458 0.022222222222222223 19
1662375819722 0.0 20
1662375821042 0.0 21
1662375822323 0.015625 22
1662375823564 0.1206896551724138 23
1662375824806 0.0 24
1662375826064 0.0196078431372549 25
1662375827270 0.0 26
1662375828557 0.03125 27
1662375829812 0.03278688524590164 28
1662375831070 0.02 29
1662375832334 0.0 30
1662375833614 0.0425531914893617 31
1662375834862 0.044444444444444446 32
1662375836133 0.07894736842105263 33
1662375837374 0.01818181818181818 34
1662375838632 0.03125 35
1662375839895 0.015625 36
1662375841147 0.017857142857142856 37
1662375842430 0.0 38
1662375843693 0.015625 39
1662375845010 0.01639344262295082 40
1662375846309 0.0 41
1662375847595 0.022222222222222223 42
1662375848875 0.018867924528301886 43
1662375850117 0.0625 44
1662375851415 0.019230769230769232 45
1662375852674 0.0 46
1662375853930 0.03125 47
1662375855189 0.015625 48
1662375856455 0.0 49
1662375857728 0.015625 50
1662375859016 0.0 51
1662375860313 0.03125 52
1662375861652 0.031746031746031744 53
1662375862925 0.019230769230769232 54
1662375864186 0.06451612903225806 55
1662375865477 0.02 56
1662375866750 0.10714285714285714 57
1662375868059 0.0 58
1662375869304 0.0 59
1662375870591 0.015625 60
1662375871904 0.0 61
1662375873284 0.0 62
1662375874555 0.015625 63
1662375875813 0.031746031746031744 64
1662375877091 0.0 65
1662375878333 0.03225806451612903 66
1662375879606 0.01694915254237288 67
1662375880898 0.0 68
1662375882163 0.0 69
1662375883448 0.037037037037037035 70
1662375884717 0.03125 71
1662375885950 0.018867924528301886 72
1662375887227 0.015625 73
1662375888486 0.0 74
1662375889761 0.0 75
1662375891042 0.0 76
1662375892296 0.06666666666666667 77
1662375893546 0.02 78
1662375894828 0.0 79
1662375896074 0.015625 80
1662375897426 0.0 81
1662375898728 0.015625 82
1662375899978 0.015625 83
1662375901285 0.0 84
1662375902565 0.125 85
1662375903845 0.021739130434782608 86
1662375905108 0.0 87
1662375906400 0.058823529411764705 88
1662375907663 0.0 89
1662375908932 0.046875 90
1662375910203 0.046875 91
1662375911498 0.02 92
1662375912764 0.0 93
1662375914043 0.03125 94
1662375915328 0.015625 95
1662375916608 0.0 96
1662375917909 0.0 97
1662375919210 0.017241379310344827 98
1662375920512 0.03125 99
1662375921810 0.0 100
1662375923092 0.0 101
1662375924362 0.0196078431372549 102
1662375925711 0.017241379310344827 103
1662375926999 0.078125 104
1662375928317 0.020833333333333332 105
1662375929626 0.0 106
1662375930910 0.018518518518518517 107
1662375932257 0.02040816326530612 108
1662375933542 0.015625 109
1662375934807 0.0 110
1662375936090 0.0 111
1662375937380 0.03125 112
1662375938638 0.015625 113
1662375939910 0.0 114
1662375941218 0.0 115
1662375942486 0.0 116
1662375943698 0.0 117
1662375944950 0.0 118
1662375946256 0.0196078431372549 119
1662375947538 0.018518518518518517 120
1662375948821 0.0 121
1662375950105 0.0 122
1662375951399 0.0 123
1662375952639 0.017543859649122806 124
1662375953952 0.015625 125
1662375955202 0.0 126
1662375956491 0.0 127
1662375957798 0.03389830508474576 128
1662375959061 0.019230769230769232 129
1662375960329 0.0 130
1662375961561 0.02040816326530612 131
1662375962821 0.015625 132
1662375964113 0.015625 133
1662375965395 0.015625 134
1662375966680 0.0 135
1662375967982 0.0 136
1662375969266 0.0 137
1662375970539 0.0 138
1662375971824 0.0 139
1662375973119 0.0 140
1662375974399 0.037037037037037035 141
1662375975676 0.03125 142
1662375976959 0.0 143
1662375978208 0.0625 144
1662375979492 0.125 145
1662375980722 0.04081632653061224 146
1662375982012 0.0 147
1662375983260 0.02 148
1662375984505 0.023255813953488372 149
1662375985773 0.0 150
1662375987053 0.0 151
1662375988320 0.0 152
1662375989627 0.0 153
1662375990919 0.05405405405405406 154
1662375992209 0.015625 155
1662375993489 0.0 156
1662375994788 0.0 157
1662375996056 0.015625 158
1662375997350 0.0 159
1662375998595 0.0 160
1662375999855 0.015625 161
1662376001099 0.09375 162
1662376002405 0.0 163
1662376003709 0.015625 164
1662376004969 0.0 165
1662376006214 0.03125 166
1662376007476 0.0 167
1662376008750 0.046875 168
1662376010029 0.05660377358490566 169
1662376011303 0.0 170
1662376012632 0.0 171
1662376013931 0.015625 172
1662376015240 0.015625 173
1662376016539 0.0 174
1662376017790 0.0 175
1662376019070 0.046875 176
1662376020344 0.0 177
1662376021623 0.0 178
1662376022913 0.01818181818181818 179
1662376024217 0.0 180
1662376025521 0.0 181
1662376026847 0.03125 182
1662376028150 0.015625 183
1662376029426 0.03125 184
1662376030686 0.015625 185
1662376032000 0.0 186
1662376033306 0.016129032258064516 187
1662376034582 0.10416666666666667 188
1662376035837 0.03125 189
1662376037133 0.025 190
1662376038409 0.03125 191
1662376039689 0.0 192
1662376040990 0.0 193
1662376042246 0.023809523809523808 194
1662376043481 0.0 195
1662376044768 0.0 196
1662376046029 0.019230769230769232 197
1662376047296 0.016129032258064516 198
1662376048590 0.06521739130434782 199
1662376049832 0.022222222222222223 200
1662376051138 0.18181818181818182 201
1662376052443 0.0 202
1662376053672 0.0 203
1662376054952 0.03125 204
1662376056233 0.03125 205
1662376057502 0.0625 206
1662376058747 0.0 207
1662376060013 0.019230769230769232 208
1662376061266 0.0 209
1662376062524 0.01818181818181818 210
1662376063809 0.0 211
1662376065101 0.0 212
1662376066357 0.02040816326530612 213
1662376067654 0.0 214
1662376068915 0.0 215
1662376070213 0.01639344262295082 216
1662376071473 0.0 217
1662376072717 0.0 218
1662376073982 0.0 219
1662376075251 0.057692307692307696 220
1662376076574 0.0 221
1662376077882 0.017241379310344827 222
1662376079150 0.0 223
1662376080440 0.0 224
1662376081709 0.02040816326530612 225
1662376082995 0.018867924528301886 226
1662376084275 0.0 227
1662376085531 0.015625 228
1662376086795 0.020833333333333332 229
1662376088118 0.0 230
1662376089392 0.016666666666666666 231
1662376090662 0.0 232
1662376091938 0.0 233
1662376093221 0.0 234
1662376094458 0.02127659574468085 235
1662376095730 0.017543859649122806 236
1662376097007 0.06521739130434782 237
1662376098246 0.0 238
1662376099556 0.015625 239
1662376100808 0.0 240
1662376102078 0.078125 241
1662376103341 0.0 242
1662376104571 0.0 243
1662376105832 0.015625 244
1662376107106 0.0 245
1662376108387 0.03125 246
1662376109676 0.0 247
1662376110901 0.0 248
1662376112192 0.0 249
1662376113501 0.031746031746031744 250
1662376114761 0.0 251
1662376116015 0.015625 252
1662376117277 0.0 253
1662376118564 0.0 254
1662376119873 0.0 255
1662376121116 0.02702702702702703 256
1662376122393 0.01818181818181818 257
1662376123682 0.0 258
1662376124942 0.0 259
1662376126182 0.06451612903225806 260
1662376127431 0.0 261
1662376128710 0.0625 262
1662376129932 0.03571428571428571 263
1662376131169 0.0 264
1662376132431 0.0 265
1662376133695 0.046875 266
1662376134947 0.0 267
1662376136227 0.046875 268
1662376137515 0.057692307692307696 269
1662376138784 0.0 270
1662376140049 0.024390243902439025 271
1662376141326 0.0 272
1662376142608 0.0 273
1662376143838 0.0 274
1662376145141 0.017857142857142856 275
1662376146442 0.0 276
1662376147720 0.0 277
1662376149003 0.015625 278
1662376150293 0.078125 279
1662376151566 0.02127659574468085 280
1662376152878 0.046875 281
1662376154099 0.0 282
1662376155380 0.0 283
1662376156656 0.0 284
1662376157938 0.0 285
1662376159197 0.0 286
1662376160488 0.01694915254237288 287
1662376161747 0.0 288
1662376163047 0.01694915254237288 289
1662376164320 0.0 290
1662376165621 0.0196078431372549 291
1662376166874 0.046875 292
1662376168159 0.0 293
1662376169450 0.017857142857142856 294
1662376170756 0.0 295
1662376172060 0.03389830508474576 296
1662376173326 0.017543859649122806 297
1662376174586 0.020833333333333332 298
1662376175930 0.0 299
1662376177181 0.078125 300
1662376178475 0.0 301
1662376179775 0.015625 302
1662376181024 0.0 303
1662376182263 0.0625 304
1662376183533 0.0 305
1662376184797 0.018518518518518517 306
1662376186067 0.0 307
1662376187376 0.02857142857142857 308
1662376188649 0.046875 309
1662376189918 0.0 310
1662376191167 0.025 311
1662376192430 0.015625 312
1662376193731 0.0 313
1662376195019 0.0 314
1662376196333 0.0 315
1662376197600 0.05263157894736842 316
1662376198835 0.03508771929824561 317
1662376200133 0.0 318
1662376201416 0.015625 319
1662376202691 0.0 320
1662376203996 0.0 321
1662376205259 0.0 322
1662376206621 0.0 323
1662376207932 0.0 324
1662376209194 0.023809523809523808 325
1662376210494 0.0 326
1662376211743 0.0625 327
1662376213000 0.0 328
1662376214258 0.0 329
1662376215559 0.0 330
1662376216813 0.018867924528301886 331
1662376218080 0.015625 332
1662376219338 0.019230769230769232 333
1662376220600 0.0 334
1662376221897 0.0 335
1662376223228 0.02040816326530612 336
1662376224514 0.057692307692307696 337
1662376225779 0.0625 338
1662376227038 0.016666666666666666 339
1662376228320 0.0 340
1662376229587 0.015625 341
1662376230908 0.0 342
1662376232191 0.0 343
1662376233504 0.03125 344
1662376234782 0.0 345
1662376236030 0.0 346
1662376237286 0.0 347
1662376238603 0.03125 348
1662376239898 0.0 349
1662376241176 0.01639344262295082 350
1662376242439 0.046875 351
1662376243719 0.0 352
1662376244979 0.0 353
1662376246265 0.0 354
1662376247547 0.0 355
1662376248829 0.016129032258064516 356
1662376250112 0.0 357
1662376251349 0.016129032258064516 358
1662376252632 0.03125 359
1662376253903 0.0 360
1662376255161 0.0 361
1662376256454 0.03125 362
1662376257755 0.0 363
1662376259038 0.0 364
1662376260305 0.0 365
1662376261615 0.0 366
1662376262919 0.015625 367
1662376264221 0.0 368
1662376265484 0.0 369
1662376266759 0.024390243902439025 370
1662376268024 0.0 371
1662376269278 0.015873015873015872 372
1662376270538 0.078125 373
1662376271778 0.03125 374
1662376273073 0.0 375
1662376274370 0.018518518518518517 376
1662376275643 0.0 377
1662376276923 0.0 378
1662376278187 0.022727272727272728 379
1662376279461 0.0 380
1662376280709 0.018867924528301886 381
1662376282032 0.0 382
1662376283315 0.03508771929824561 383
1662376284583 0.016666666666666666 384
1662376285891 0.0 385
1662376287175 0.01818181818181818 386
1662376288413 0.06666666666666667 387
1662376289697 0.03125 388
1662376291002 0.0 389
1662376292275 0.0 390
1662376293528 0.0 391
1662376294752 0.0 392
1662376295996 0.015625 393
1662376297264 0.016666666666666666 394
1662376298521 0.0 395
1662376299786 0.0 396
1662376301063 0.0 397
1662376302315 0.0 398
1662376303623 0.0 399
1662376304882 0.0 400
1662376306165 0.03225806451612903 401
1662376307484 0.0 402
1662376308808 0.0 403
1662376310067 0.02127659574468085 404
1662376311343 0.09090909090909091 405
1662376312629 0.01694915254237288 406
1662376313926 0.015625 407
1662376315172 0.0 408
1662376316470 0.0 409
1662376317755 0.015625 410
1662376319049 0.015625 411
1662376320338 0.0 412
1662376321600 0.031746031746031744 413
1662376322870 0.016129032258064516 414
1662376324125 0.015625 415
1662376325363 0.0 416
1662376326660 0.0 417
1662376327894 0.0 418
1662376329142 0.0 419
1662376330385 0.02127659574468085 420
1662376331664 0.046875 421
1662376332928 0.016666666666666666 422
1662376334172 0.0 423
1662376335454 0.04 424
1662376336743 0.03333333333333333 425
1662376338021 0.0 426
1662376339265 0.016129032258064516 427
1662376340500 0.0 428
1662376341785 0.0 429
1662376343047 0.0 430
1662376344302 0.01694915254237288 431
1662376345568 0.0 432
1662376346784 0.109375 433
1662376348027 0.0 434
1662376349248 0.0 435
1662376350507 0.046875 436
1662376351760 0.03125 437
1662376353060 0.0196078431372549 438
1662376354293 0.0 439
1662376355569 0.03125 440
1662376356860 0.0 441
1662376358120 0.0 442
1662376359427 0.0 443
1662376360684 0.0 444
1662376361932 0.0 445
1662376363197 0.12195121951219512 446
1662376364476 0.018867924528301886 447
1662376365755 0.015625 448
1662376367029 0.0 449
1662376368266 0.015625 450
1662376369523 0.015625 451
1662376370773 0.0 452
1662376372061 0.0 453
1662376373320 0.015873015873015872 454
1662376374571 0.03125 455
1662376375839 0.0 456
1662376377134 0.015625 457
1662376378451 0.015625 458
1662376379832 0.0 459
1662376381139 0.017857142857142856 460
1662376382481 0.0 461
1662376383696 0.0 462
1662376384971 0.0 463
1662376386248 0.015625 464
1662376387606 0.02 465
1662376388896 0.0 466
1662376390195 0.0 467
1662376391471 0.0 468
1662376392736 0.021739130434782608 469
1662376394020 0.015625 470
1662376395319 0.0 471
1662376396590 0.02631578947368421 472
1662376397862 0.0392156862745098 473
1662376399091 0.0 474
1662376400379 0.0 475
1662376401721 0.0 476
1662376402986 0.0 477
1662376404238 0.0 478
1662376405508 0.0 479
1662376406782 0.0 480
1662376408057 0.0 481
1662376409308 0.0 482
1662376410572 0.0 483
1662376411840 0.0 484
1662376413134 0.01818181818181818 485
1662376414388 0.047619047619047616 486
1662376415630 0.0 487
1662376416882 0.017857142857142856 488
1662376418160 0.046875 489
1662376419417 0.03125 490
1662376420704 0.0784313725490196 491
1662376421908 0.019230769230769232 492
1662376423191 0.015625 493
1662376424439 0.0 494
1662376425791 0.0625 495
1662376427049 0.017241379310344827 496
1662376428264 0.0 497
1662376429538 0.0 498
1662376430796 0.0 499
1662376432011 0.04081632653061224 500
1662376433278 0.015625 501
1662376434517 0.015625 502
1662376435779 0.02127659574468085 503
1662376437041 0.023255813953488372 504
1662376438323 0.0 505
1662376439588 0.018867924528301886 506
1662376440865 0.015625 507
1662376442142 0.017543859649122806 508
1662376443394 0.0 509
1662376444634 0.019230769230769232 510
1662376445895 0.0 511
1662376447110 0.01694915254237288 512
1662376448375 0.0 513
1662376449697 0.0 514
1662376450976 0.0 515
1662376452261 0.0 516
1662376453492 0.0 517
1662376454730 0.0 518
1662376456005 0.0 519
1662376457332 0.0 520
1662376458628 0.0 521
1662376459874 0.0 522
1662376461147 0.0625 523
1662376462408 0.0 524
1662376463720 0.03508771929824561 525
1662376465025 0.0 526
1662376466270 0.022222222222222223 527
1662376467552 0.0 528
1662376468843 0.015625 529
1662376470143 0.0 530
1662376471382 0.03125 531
1662376472616 0.0 532
1662376473886 0.0 533
1662376475187 0.046875 534
1662376476466 0.0625 535
1662376477749 0.016129032258064516 536
1662376479039 0.07692307692307693 537
1662376480310 0.0 538
1662376481543 0.0 539
1662376482779 0.0 540
1662376484063 0.02040816326530612 541
1662376485349 0.0 542
1662376486607 0.0 543
1662376487882 0.0 544
1662376489168 0.0 545
1662376490436 0.016129032258064516 546
1662376491697 0.05 547
1662376492955 0.0 548
1662376494195 0.015625 549
1662376495481 0.0 550
1662376496831 0.0 551
1662376498080 0.0625 552
1662376499382 0.0 553
1662376500634 0.0 554
1662376501939 0.0 555
1662376503235 0.020833333333333332 556
1662376504507 0.01818181818181818 557
1662376505773 0.0 558
1662376507051 0.0 559
1662376508320 0.0 560
1662376509609 0.0 561
1662376510869 0.016666666666666666 562
1662376512146 0.0 563
1662376513424 0.0 564
1662376514689 0.0 565
1662376515927 0.0 566
1662376517221 0.015625 567
1662376518522 0.015873015873015872 568
1662376519873 0.015625 569
1662376521152 0.0625 570
1662376522434 0.05454545454545454 571
1662376523731 0.015625 572
1662376525016 0.0 573
1662376526313 0.0 574
1662376527579 0.015625 575
1662376528857 0.0196078431372549 576
1662376530147 0.0 577
1662376531389 0.0 578
1662376532689 0.0 579
1662376533992 0.0 580
1662376535258 0.015625 581
1662376536517 0.03125 582
1662376537800 0.1 583
1662376539046 0.0 584
1662376540329 0.0 585
1662376541547 0.03125 586
1662376542792 0.0 587
1662376544036 0.022222222222222223 588
1662376545330 0.02127659574468085 589
1662376546598 0.0 590
1662376547898 0.0 591
1662376549164 0.0 592
1662376550438 0.03125 593
1662376551681 0.0 594
1662376552934 0.018867924528301886 595
1662376554199 0.0 596
1662376555474 0.0 597
1662376556810 0.0 598
1662376558075 0.0 599
1662376559358 0.078125 600
1662376560669 0.203125 601
1662376561918 0.015873015873015872 602
1662376563197 0.0 603
1662376564407 0.0 604
1662376565682 0.0 605
1662376566964 0.0 606
1662376568266 0.0 607
1662376569533 0.0 608
1662376570832 0.0 609
1662376572118 0.0 610
1662376573411 0.04 611
1662376574659 0.017241379310344827 612
1662376575926 0.0 613
1662376577243 0.0 614
1662376578491 0.037037037037037035 615
1662376579777 0.0 616
1662376581042 0.0 617
1662376582330 0.05084745762711865 618
1662376583644 0.0 619
1662376584913 0.05 620
1662376586243 0.0 621
1662376587549 0.046875 622
1662376588899 0.018518518518518517 623
1662376590171 0.0 624
1662376591406 0.0 625
1662376592642 0.01694915254237288 626
1662376593918 0.019230769230769232 627
1662376595175 0.0 628
1662376596444 0.0 629
1662376597796 0.015625 630
1662376599072 0.0 631
1662376600327 0.02 632
1662376601624 0.0 633
1662376602900 0.0 634
1662376604134 0.0 635
1662376605374 0.06349206349206349 636
1662376606602 0.02040816326530612 637
1662376607894 0.016666666666666666 638
1662376609193 0.0 639
1662376610467 0.03125 640
1662376611761 0.03333333333333333 641
1662376613021 0.04 642
1662376614249 0.0 643
1662376615534 0.0 644
1662376616811 0.0 645
1662376618040 0.0 646
1662376619315 0.0 647
1662376620619 0.0 648
1662376621938 0.0 649
1662376623209 0.03278688524590164 650
1662376624486 0.015625 651
1662376625777 0.03636363636363636 652
1662376627055 0.031746031746031744 653
1662376628350 0.046875 654
1662376629608 0.0 655
1662376630907 0.0 656
1662376632164 0.046875 657
1662376633446 0.0 658
1662376634710 0.015625 659
1662376635986 0.0 660
1662376637236 0.0 661
1662376638518 0.0 662
1662376639818 0.0 663
1662376641101 0.0 664
1662376642379 0.0 665
1662376643698 0.016666666666666666 666
1662376644962 0.0 667
1662376646232 0.0 668
1662376647489 0.0392156862745098 669
1662376648777 0.061224489795918366 670
1662376650080 0.02 671
1662376651310 0.020833333333333332 672
1662376652583 0.017241379310344827 673
1662376653911 0.0 674
1662376655112 0.0 675
1662376656366 0.0 676
1662376657675 0.09803921568627451 677
1662376658985 0.015625 678
1662376660223 0.0 679
1662376661480 0.0 680
1662376662776 0.0 681
1662376664052 0.015625 682
1662376665294 0.016129032258064516 683
1662376666563 0.0 684
1662376667831 0.0 685
1662376669086 0.0 686
1662376670348 0.0 687
1662376671595 0.0 688
1662376672900 0.09375 689
1662376674190 0.0 690
1662376675431 0.021739130434782608 691
1662376676716 0.046875 692
1662376677953 0.05660377358490566 693
1662376679205 0.0 694
1662376680439 0.0 695
1662376681667 0.0 696
1662376682950 0.0 697
1662376684209 0.03225806451612903 698
1662376685435 0.0 699
1662376686681 0.018867924528301886 700
1662376687915 0.0 701
1662376689160 0.03125 702
1662376690412 0.0 703
1662376691702 0.0 704
1662376693024 0.0 705
1662376694290 0.04081632653061224 706
1662376695555 0.0 707
1662376696804 0.016666666666666666 708
1662376698084 0.0 709
1662376699354 0.017857142857142856 710
1662376700636 0.109375 711
1662376701885 0.0 712
1662376703135 0.015625 713
1662376704420 0.0 714
1662376705776 0.034482758620689655 715
1662376707053 0.0 716
1662376708297 0.018518518518518517 717
1662376709584 0.0 718
1662376710864 0.015625 719
1662376712157 0.0 720
1662376713443 0.021739130434782608 721
1662376714718 0.0 722
1662376715999 0.04081632653061224 723
1662376717278 0.0 724
1662376718514 0.0 725
1662376719788 0.0 726
1662376721083 0.0 727
1662376722359 0.018867924528301886 728
1662376723655 0.0 729
1662376724900 0.0 730
1662376726158 0.03125 731
1662376727425 0.0 732
1662376728711 0.03125 733
1662376729981 0.03125 734
1662376731268 0.0 735
1662376732514 0.02 736
1662376733780 0.0 737
1662376734992 0.03125 738
1662376736269 0.015625 739
1662376737499 0.0 740
1662376738775 0.0625 741
1662376740033 0.018518518518518517 742
1662376741309 0.0 743
1662376742576 0.0 744
1662376743844 0.017857142857142856 745
1662376745085 0.0 746
1662376746307 0.0392156862745098 747
1662376747583 0.0 748
1662376748852 0.0 749
1662376750107 0.015873015873015872 750
1662376751403 0.015625 751
1662376752660 0.0 752
1662376753923 0.0 753
1662376755222 0.0 754
1662376756493 0.0 755
1662376757733 0.0625 756
1662376759018 0.0 757
1662376760278 0.0 758
1662376761587 0.0 759
1662376762848 0.0 760
1662376764107 0.015625 761
1662376765378 0.0 762
1662376766741 0.046875 763
1662376767988 0.0 764
1662376769240 0.0 765
1662376770533 0.0 766
1662376771817 0.0 767
1662376773051 0.0 768
1662376774315 0.0 769
1662376775569 0.0 770
1662376776841 0.017543859649122806 771
1662376778110 0.0 772
1662376779366 0.02 773
1662376780577 0.03125 774
1662376781813 0.046875 775
1662376783058 0.0 776
1662376784308 0.01818181818181818 777
1662376785570 0.03125 778
1662376786854 0.0 779
1662376788098 0.0 780
1662376789394 0.0 781
1662376790667 0.015625 782
1662376791921 0.0 783
1662376793213 0.0 784
1662376794518 0.016129032258064516 785
1662376795812 0.0 786
1662376797086 0.017241379310344827 787
1662376798344 0.0 788
1662376799637 0.015625 789
1662376800906 0.0 790
1662376802177 0.02 791
1662376803452 0.0 792
1662376804720 0.01818181818181818 793
1662376805985 0.109375 794
1662376807210 0.0 795
1662376808435 0.03278688524590164 796
1662376809684 0.05555555555555555 797
1662376810955 0.0 798
1662376811702 0.0 799
