1662375794574 0.9841269841269841 0
1662375795777 0.9818181818181818 1
1662375797153 0.975609756097561 2
1662375798414 0.984375 3
1662375799676 0.9836065573770492 4
1662375800890 1.0 5
1662375802130 0.9508196721311475 6
1662375803400 0.96875 7
1662375804666 0.9636363636363636 8
1662375805920 0.9607843137254902 9
1662375807165 0.984375 10
1662375808413 0.984375 11
1662375809666 1.0 12
1662375810952 0.984375 13
1662375812173 1.0 14
1662375813399 1.0 15
1662375814651 1.0 16
1662375815881 0.9827586206896551 17
1662375817187 0.98 18
1662375818458 0.9777777777777777 19
1662375819721 1.0 20
1662375821042 1.0 21
1662375822323 0.984375 22
1662375823563 0.8793103448275862 23
1662375824806 1.0 24
1662375826064 0.9803921568627451 25
1662375827270 1.0 26
1662375828557 0.96875 27
1662375829811 0.9672131147540983 28
1662375831069 0.98 29
1662375832333 1.0 30
1662375833614 0.9574468085106383 31
1662375834862 0.9555555555555556 32
1662375836132 0.9210526315789473 33
1662375837373 0.9818181818181818 34
1662375838631 0.96875 35
1662375839894 0.984375 36
1662375841146 0.9821428571428571 37
1662375842429 1.0 38
1662375843692 0.984375 39
1662375845009 0.9836065573770492 40
1662375846308 1.0 41
1662375847595 0.9777777777777777 42
1662375848874 0.9811320754716981 43
1662375850117 0.9375 44
1662375851414 0.9807692307692307 45
1662375852673 1.0 46
1662375853929 0.96875 47
1662375855189 0.984375 48
1662375856454 1.0 49
1662375857728 0.984375 50
1662375859015 1.0 51
1662375860312 0.96875 52
1662375861651 0.9682539682539683 53
1662375862924 0.9807692307692307 54
1662375864186 0.9354838709677419 55
1662375865476 0.98 56
1662375866749 0.8928571428571429 57
1662375868059 1.0 58
1662375869303 1.0 59
1662375870590 0.984375 60
1662375871904 1.0 61
1662375873283 1.0 62
1662375874554 0.984375 63
1662375875812 0.9682539682539683 64
1662375877091 1.0 65
1662375878332 0.967741935483871 66
1662375879606 0.9830508474576272 67
1662375880898 1.0 68
1662375882162 1.0 69
1662375883448 0.9629629629629629 70
1662375884717 0.96875 71
1662375885949 0.9811320754716981 72
1662375887226 0.984375 73
1662375888485 1.0 74
1662375889761 1.0 75
1662375891041 1.0 76
1662375892296 0.9333333333333333 77
1662375893545 0.98 78
1662375894828 1.0 79
1662375896073 0.984375 80
1662375897425 1.0 81
1662375898727 0.984375 82
1662375899977 0.984375 83
1662375901284 1.0 84
1662375902565 0.875 85
1662375903844 0.9782608695652174 86
1662375905107 1.0 87
1662375906399 0.9411764705882353 88
1662375907663 1.0 89
1662375908931 0.953125 90
1662375910202 0.953125 91
1662375911498 0.98 92
1662375912763 1.0 93
1662375914042 0.96875 94
1662375915327 0.984375 95
1662375916608 1.0 96
1662375917908 1.0 97
1662375919209 0.9827586206896551 98
1662375920511 0.96875 99
1662375921809 1.0 100
1662375923091 1.0 101
1662375924361 0.9803921568627451 102
1662375925711 0.9827586206896551 103
1662375926998 0.921875 104
1662375928316 0.9791666666666666 105
1662375929625 1.0 106
1662375930909 0.9814814814814815 107
1662375932256 0.9795918367346939 108
1662375933541 0.984375 109
1662375934806 1.0 110
1662375936090 1.0 111
1662375937379 0.96875 112
1662375938638 0.984375 113
1662375939909 1.0 114
1662375941217 1.0 115
1662375942486 1.0 116
1662375943697 1.0 117
1662375944950 1.0 118
1662375946255 0.9803921568627451 119
1662375947537 0.9814814814814815 120
1662375948821 1.0 121
1662375950104 1.0 122
1662375951398 1.0 123
1662375952639 0.9824561403508771 124
1662375953951 0.984375 125
1662375955201 1.0 126
1662375956490 1.0 127
1662375957797 0.9661016949152542 128
1662375959060 0.9807692307692307 129
1662375960328 1.0 130
1662375961561 0.9795918367346939 131
1662375962820 0.984375 132
1662375964112 0.984375 133
1662375965394 0.984375 134
1662375966679 1.0 135
1662375967981 1.0 136
1662375969265 1.0 137
1662375970538 1.0 138
1662375971823 1.0 139
1662375973118 1.0 140
1662375974398 0.9629629629629629 141
1662375975676 0.96875 142
1662375976958 1.0 143
1662375978207 0.9375 144
1662375979491 0.875 145
1662375980721 0.9591836734693877 146
1662375982012 1.0 147
1662375983260 0.98 148
1662375984504 0.9767441860465116 149
1662375985772 1.0 150
1662375987052 1.0 151
1662375988319 1.0 152
1662375989626 1.0 153
1662375990918 0.9459459459459459 154
1662375992208 0.984375 155
1662375993489 1.0 156
1662375994787 1.0 157
1662375996056 0.984375 158
1662375997349 1.0 159
1662375998594 1.0 160
1662375999855 0.984375 161
1662376001098 0.90625 162
1662376002405 1.0 163
1662376003708 0.984375 164
1662376004968 1.0 165
1662376006213 0.96875 166
1662376007475 1.0 167
1662376008749 0.953125 168
1662376010028 0.9433962264150944 169
1662376011303 1.0 170
1662376012631 1.0 171
1662376013930 0.984375 172
1662376015239 0.984375 173
1662376016538 1.0 174
1662376017790 1.0 175
1662376019069 0.953125 176
1662376020344 1.0 177
1662376021622 1.0 178
1662376022912 0.9818181818181818 179
1662376024217 1.0 180
1662376025520 1.0 181
1662376026846 0.96875 182
1662376028149 0.984375 183
1662376029426 0.96875 184
1662376030685 0.984375 185
1662376031999 1.0 186
1662376033305 0.9838709677419355 187
1662376034581 0.8958333333333334 188
1662376035836 0.96875 189
1662376037133 0.975 190
1662376038408 0.96875 191
1662376039689 1.0 192
1662376040989 1.0 193
1662376042245 0.9761904761904762 194
1662376043480 1.0 195
1662376044768 1.0 196
1662376046028 0.9807692307692307 197
1662376047296 0.9838709677419355 198
1662376048589 0.9347826086956522 199
1662376049831 0.9777777777777777 200
1662376051138 0.8181818181818182 201
1662376052442 1.0 202
1662376053671 1.0 203
1662376054951 0.96875 204
1662376056232 0.96875 205
1662376057502 0.9375 206
1662376058746 1.0 207
1662376060012 0.9807692307692307 208
1662376061266 1.0 209
1662376062524 0.9818181818181818 210
1662376063808 1.0 211
1662376065100 1.0 212
1662376066356 0.9795918367346939 213
1662376067653 1.0 214
1662376068914 1.0 215
1662376070212 0.9836065573770492 216
1662376071472 1.0 217
1662376072717 1.0 218
1662376073981 1.0 219
1662376075250 0.9423076923076923 220
1662376076573 1.0 221
1662376077881 0.9827586206896551 222
1662376079149 1.0 223
1662376080439 1.0 224
1662376081708 0.9795918367346939 225
1662376082994 0.9811320754716981 226
1662376084275 1.0 227
1662376085530 0.984375 228
1662376086795 0.9791666666666666 229
1662376088118 1.0 230
1662376089391 0.9833333333333333 231
1662376090661 1.0 232
1662376091938 1.0 233
1662376093220 1.0 234
1662376094458 0.9787234042553191 235
1662376095729 0.9824561403508771 236
1662376097006 0.9347826086956522 237
1662376098245 1.0 238
1662376099556 0.984375 239
1662376100808 1.0 240
1662376102077 0.921875 241
1662376103340 1.0 242
1662376104571 1.0 243
1662376105831 0.984375 244
1662376107105 1.0 245
1662376108386 0.96875 246
1662376109675 1.0 247
1662376110900 1.0 248
1662376112191 1.0 249
1662376113500 0.9682539682539683 250
1662376114760 1.0 251
1662376116014 0.984375 252
1662376117276 1.0 253
1662376118564 1.0 254
1662376119872 1.0 255
1662376121115 0.972972972972973 256
1662376122393 0.9818181818181818 257
1662376123681 1.0 258
1662376124942 1.0 259
1662376126182 0.9354838709677419 260
1662376127430 1.0 261
1662376128709 0.9375 262
1662376129931 0.9642857142857143 263
1662376131168 1.0 264
1662376132430 1.0 265
1662376133694 0.953125 266
1662376134946 1.0 267
1662376136226 0.953125 268
1662376137515 0.9423076923076923 269
1662376138783 1.0 270
1662376140049 0.975609756097561 271
1662376141325 1.0 272
1662376142608 1.0 273
1662376143838 1.0 274
1662376145141 0.9821428571428571 275
1662376146441 1.0 276
1662376147719 1.0 277
1662376149002 0.984375 278
1662376150293 0.921875 279
1662376151565 0.9787234042553191 280
1662376152877 0.953125 281
1662376154098 1.0 282
1662376155380 1.0 283
1662376156655 1.0 284
1662376157938 1.0 285
1662376159196 1.0 286
1662376160488 0.9830508474576272 287
1662376161747 1.0 288
1662376163046 0.9830508474576272 289
1662376164319 1.0 290
1662376165620 0.9803921568627451 291
1662376166873 0.953125 292
1662376168158 1.0 293
1662376169449 0.9821428571428571 294
1662376170755 1.0 295
1662376172059 0.9661016949152542 296
1662376173325 0.9824561403508771 297
1662376174585 0.9791666666666666 298
1662376175929 1.0 299
1662376177181 0.921875 300
1662376178475 1.0 301
1662376179774 0.984375 302
1662376181024 1.0 303
1662376182263 0.9375 304
1662376183532 1.0 305
1662376184796 0.9814814814814815 306
1662376186066 1.0 307
1662376187375 0.9714285714285714 308
1662376188648 0.953125 309
1662376189917 1.0 310
1662376191166 0.975 311
1662376192430 0.984375 312
1662376193731 1.0 313
1662376195019 1.0 314
1662376196333 1.0 315
1662376197600 0.9473684210526315 316
1662376198835 0.9649122807017544 317
1662376200132 1.0 318
1662376201416 0.984375 319
1662376202690 1.0 320
1662376203995 1.0 321
1662376205259 1.0 322
1662376206620 1.0 323
1662376207932 1.0 324
1662376209193 0.9761904761904762 325
1662376210493 1.0 326
1662376211743 0.9375 327
1662376212999 1.0 328
1662376214258 1.0 329
1662376215559 1.0 330
1662376216813 0.9811320754716981 331
1662376218079 0.984375 332
1662376219337 0.9807692307692307 333
1662376220599 1.0 334
1662376221897 1.0 335
1662376223228 0.9795918367346939 336
1662376224514 0.9423076923076923 337
1662376225779 0.9375 338
1662376227037 0.9833333333333333 339
1662376228319 1.0 340
1662376229586 0.984375 341
1662376230907 1.0 342
1662376232190 1.0 343
1662376233503 0.96875 344
1662376234782 1.0 345
1662376236029 1.0 346
1662376237286 1.0 347
1662376238602 0.96875 348
1662376239897 1.0 349
1662376241176 0.9836065573770492 350
1662376242438 0.953125 351
1662376243718 1.0 352
1662376244978 1.0 353
1662376246264 1.0 354
1662376247546 1.0 355
1662376248828 0.9838709677419355 356
1662376250112 1.0 357
1662376251348 0.9838709677419355 358
1662376252631 0.96875 359
1662376253902 1.0 360
1662376255161 1.0 361
1662376256453 0.96875 362
1662376257755 1.0 363
1662376259037 1.0 364
1662376260304 1.0 365
1662376261614 1.0 366
1662376262918 0.984375 367
1662376264220 1.0 368
1662376265484 1.0 369
1662376266758 0.975609756097561 370
1662376268023 1.0 371
1662376269277 0.9841269841269841 372
1662376270537 0.921875 373
1662376271777 0.96875 374
1662376273072 1.0 375
1662376274370 0.9814814814814815 376
1662376275643 1.0 377
1662376276923 1.0 378
1662376278187 0.9772727272727273 379
1662376279460 1.0 380
1662376280708 0.9811320754716981 381
1662376282032 1.0 382
1662376283314 0.9649122807017544 383
1662376284582 0.9833333333333333 384
1662376285891 1.0 385
1662376287174 0.9818181818181818 386
1662376288413 0.9333333333333333 387
1662376289696 0.96875 388
1662376291001 1.0 389
1662376292274 1.0 390
1662376293528 1.0 391
1662376294752 1.0 392
1662376295995 0.984375 393
1662376297263 0.9833333333333333 394
1662376298520 1.0 395
1662376299786 1.0 396
1662376301062 1.0 397
1662376302314 1.0 398
1662376303622 1.0 399
1662376304882 1.0 400
1662376306164 0.967741935483871 401
1662376307483 1.0 402
1662376308807 1.0 403
1662376310066 0.9787234042553191 404
1662376311342 0.9090909090909091 405
1662376312629 0.9830508474576272 406
1662376313925 0.984375 407
1662376315172 1.0 408
1662376316469 1.0 409
1662376317755 0.984375 410
1662376319049 0.984375 411
1662376320337 1.0 412
1662376321599 0.9682539682539683 413
1662376322869 0.9838709677419355 414
1662376324124 0.984375 415
1662376325362 1.0 416
1662376326659 1.0 417
1662376327894 1.0 418
1662376329142 1.0 419
1662376330384 0.9787234042553191 420
1662376331664 0.953125 421
1662376332927 0.9833333333333333 422
1662376334172 1.0 423
1662376335453 0.96 424
1662376336742 0.9666666666666667 425
1662376338020 1.0 426
1662376339265 0.9838709677419355 427
1662376340499 1.0 428
1662376341785 1.0 429
1662376343047 1.0 430
1662376344301 0.9830508474576272 431
1662376345566 1.0 432
1662376346784 0.890625 433
1662376348026 1.0 434
1662376349247 1.0 435
1662376350507 0.953125 436
1662376351759 0.96875 437
1662376353059 0.9803921568627451 438
1662376354293 1.0 439
1662376355568 0.96875 440
1662376356859 1.0 441
1662376358120 1.0 442
1662376359426 1.0 443
1662376360683 1.0 444
1662376361932 1.0 445
1662376363197 0.8780487804878049 446
1662376364475 0.9811320754716981 447
1662376365754 0.984375 448
1662376367028 1.0 449
1662376368265 0.984375 450
1662376369522 0.984375 451
1662376370773 1.0 452
1662376372060 1.0 453
1662376373320 0.9841269841269841 454
1662376374571 0.96875 455
1662376375838 1.0 456
1662376377134 0.984375 457
1662376378450 0.984375 458
1662376379831 1.0 459
1662376381138 0.9821428571428571 460
1662376382480 1.0 461
1662376383696 1.0 462
1662376384970 1.0 463
1662376386247 0.984375 464
1662376387605 0.98 465
1662376388895 1.0 466
1662376390194 1.0 467
1662376391470 1.0 468
1662376392735 0.9782608695652174 469
1662376394020 0.984375 470
1662376395318 1.0 471
1662376396590 0.9736842105263158 472
1662376397862 0.9607843137254902 473
1662376399091 1.0 474
1662376400378 1.0 475
1662376401720 1.0 476
1662376402985 1.0 477
1662376404238 1.0 478
1662376405508 1.0 479
1662376406782 1.0 480
1662376408057 1.0 481
1662376409307 1.0 482
1662376410572 1.0 483
1662376411839 1.0 484
1662376413133 0.9818181818181818 485
1662376414387 0.9523809523809523 486
1662376415629 1.0 487
1662376416882 0.9821428571428571 488
1662376418159 0.953125 489
1662376419416 0.96875 490
1662376420703 0.9215686274509803 491
1662376421908 0.9807692307692307 492
1662376423190 0.984375 493
1662376424438 1.0 494
1662376425790 0.9375 495
1662376427048 0.9827586206896551 496
1662376428264 1.0 497
1662376429538 1.0 498
1662376430796 1.0 499
1662376432011 0.9591836734693877 500
1662376433277 0.984375 501
1662376434517 0.984375 502
1662376435778 0.9787234042553191 503
1662376437041 0.9767441860465116 504
1662376438322 1.0 505
1662376439587 0.9811320754716981 506
1662376440865 0.984375 507
1662376442141 0.9824561403508771 508
1662376443394 1.0 509
1662376444633 0.9807692307692307 510
1662376445894 1.0 511
1662376447109 0.9830508474576272 512
1662376448374 1.0 513
1662376449696 1.0 514
1662376450975 1.0 515
1662376452261 1.0 516
1662376453491 1.0 517
1662376454730 1.0 518
1662376456004 1.0 519
1662376457331 1.0 520
1662376458628 1.0 521
1662376459874 1.0 522
1662376461146 0.9375 523
1662376462407 1.0 524
1662376463719 0.9649122807017544 525
1662376465024 1.0 526
1662376466269 0.9777777777777777 527
1662376467552 1.0 528
1662376468843 0.984375 529
1662376470143 1.0 530
1662376471382 0.96875 531
1662376472615 1.0 532
1662376473886 1.0 533
1662376475186 0.953125 534
1662376476465 0.9375 535
1662376477749 0.9838709677419355 536
1662376479038 0.9230769230769231 537
1662376480309 1.0 538
1662376481542 1.0 539
1662376482778 1.0 540
1662376484062 0.9795918367346939 541
1662376485349 1.0 542
1662376486606 1.0 543
1662376487882 1.0 544
1662376489167 1.0 545
1662376490435 0.9838709677419355 546
1662376491697 0.95 547
1662376492954 1.0 548
1662376494194 0.984375 549
1662376495480 1.0 550
1662376496830 1.0 551
1662376498079 0.9375 552
1662376499381 1.0 553
1662376500633 1.0 554
1662376501938 1.0 555
1662376503235 0.9791666666666666 556
1662376504506 0.9818181818181818 557
1662376505772 1.0 558
1662376507051 1.0 559
1662376508319 1.0 560
1662376509609 1.0 561
1662376510869 0.9833333333333333 562
1662376512145 1.0 563
1662376513423 1.0 564
1662376514689 1.0 565
1662376515927 1.0 566
1662376517220 0.984375 567
1662376518521 0.9841269841269841 568
1662376519873 0.984375 569
1662376521151 0.9375 570
1662376522434 0.9454545454545454 571
1662376523731 0.984375 572
1662376525015 1.0 573
1662376526312 1.0 574
1662376527578 0.984375 575
1662376528856 0.9803921568627451 576
1662376530147 1.0 577
1662376531389 1.0 578
1662376532689 1.0 579
1662376533991 1.0 580
1662376535257 0.984375 581
1662376536516 0.96875 582
1662376537799 0.9 583
1662376539045 1.0 584
1662376540328 1.0 585
1662376541546 0.96875 586
1662376542792 1.0 587
1662376544036 0.9777777777777777 588
1662376545329 0.9787234042553191 589
1662376546598 1.0 590
1662376547898 1.0 591
1662376549164 1.0 592
1662376550437 0.96875 593
1662376551680 1.0 594
1662376552933 0.9811320754716981 595
1662376554198 1.0 596
1662376555473 1.0 597
1662376556809 1.0 598
1662376558075 1.0 599
1662376559357 0.921875 600
1662376560668 0.796875 601
1662376561917 0.9841269841269841 602
1662376563196 1.0 603
1662376564407 1.0 604
1662376565681 1.0 605
1662376566963 1.0 606
1662376568265 1.0 607
1662376569533 1.0 608
1662376570831 1.0 609
1662376572117 1.0 610
1662376573411 0.96 611
1662376574659 0.9827586206896551 612
1662376575925 1.0 613
1662376577242 1.0 614
1662376578490 0.9629629629629629 615
1662376579776 1.0 616
1662376581041 1.0 617
1662376582330 0.9491525423728814 618
1662376583643 1.0 619
1662376584912 0.95 620
1662376586242 1.0 621
1662376587548 0.953125 622
1662376588898 0.9814814814814815 623
1662376590171 1.0 624
1662376591406 1.0 625
1662376592641 0.9830508474576272 626
1662376593918 0.9807692307692307 627
1662376595175 1.0 628
1662376596443 1.0 629
1662376597795 0.984375 630
1662376599072 1.0 631
1662376600326 0.98 632
1662376601623 1.0 633
1662376602899 1.0 634
1662376604134 1.0 635
1662376605373 0.9365079365079365 636
1662376606601 0.9795918367346939 637
1662376607894 0.9833333333333333 638
1662376609192 1.0 639
1662376610467 0.96875 640
1662376611760 0.9666666666666667 641
1662376613021 0.96 642
1662376614248 1.0 643
1662376615534 1.0 644
1662376616810 1.0 645
1662376618039 1.0 646
1662376619315 1.0 647
1662376620618 1.0 648
1662376621938 1.0 649
1662376623209 0.9672131147540983 650
1662376624485 0.984375 651
1662376625776 0.9636363636363636 652
1662376627054 0.9682539682539683 653
1662376628349 0.953125 654
1662376629608 1.0 655
1662376630906 1.0 656
1662376632164 0.953125 657
1662376633445 1.0 658
1662376634709 0.984375 659
1662376635986 1.0 660
1662376637235 1.0 661
1662376638517 1.0 662
1662376639817 1.0 663
1662376641101 1.0 664
1662376642378 1.0 665
1662376643697 0.9833333333333333 666
1662376644962 1.0 667
1662376646231 1.0 668
1662376647488 0.9607843137254902 669
1662376648776 0.9387755102040817 670
1662376650079 0.98 671
1662376651309 0.9791666666666666 672
1662376652583 0.9827586206896551 673
1662376653911 1.0 674
1662376655111 1.0 675
1662376656366 1.0 676
1662376657675 0.9019607843137255 677
1662376658984 0.984375 678
1662376660222 1.0 679
1662376661480 1.0 680
1662376662775 1.0 681
1662376664051 0.984375 682
1662376665294 0.9838709677419355 683
1662376666563 1.0 684
1662376667830 1.0 685
1662376669085 1.0 686
1662376670347 1.0 687
1662376671594 1.0 688
1662376672899 0.90625 689
1662376674189 1.0 690
1662376675431 0.9782608695652174 691
1662376676715 0.953125 692
1662376677952 0.9433962264150944 693
1662376679204 1.0 694
1662376680438 1.0 695
1662376681666 1.0 696
1662376682950 1.0 697
1662376684208 0.967741935483871 698
1662376685434 1.0 699
1662376686681 0.9811320754716981 700
1662376687915 1.0 701
1662376689160 0.96875 702
1662376690411 1.0 703
1662376691701 1.0 704
1662376693023 1.0 705
1662376694290 0.9591836734693877 706
1662376695554 1.0 707
1662376696804 0.9833333333333333 708
1662376698084 1.0 709
1662376699354 0.9821428571428571 710
1662376700635 0.890625 711
1662376701884 1.0 712
1662376703135 0.984375 713
1662376704419 1.0 714
1662376705776 0.9655172413793104 715
1662376707052 1.0 716
1662376708296 0.9814814814814815 717
1662376709583 1.0 718
1662376710863 0.984375 719
1662376712156 1.0 720
1662376713442 0.9782608695652174 721
1662376714718 1.0 722
1662376715998 0.9591836734693877 723
1662376717277 1.0 724
1662376718514 1.0 725
1662376719787 1.0 726
1662376721082 1.0 727
1662376722359 0.9811320754716981 728
1662376723654 1.0 729
1662376724900 1.0 730
1662376726157 0.96875 731
1662376727424 1.0 732
1662376728710 0.96875 733
1662376729980 0.96875 734
1662376731267 1.0 735
1662376732514 0.98 736
1662376733779 1.0 737
1662376734992 0.96875 738
1662376736269 0.984375 739
1662376737498 1.0 740
1662376738774 0.9375 741
1662376740032 0.9814814814814815 742
1662376741308 1.0 743
1662376742576 1.0 744
1662376743843 0.9821428571428571 745
1662376745085 1.0 746
1662376746306 0.9607843137254902 747
1662376747582 1.0 748
1662376748851 1.0 749
1662376750107 0.9841269841269841 750
1662376751402 0.984375 751
1662376752660 1.0 752
1662376753922 1.0 753
1662376755221 1.0 754
1662376756492 1.0 755
1662376757732 0.9375 756
1662376759017 1.0 757
1662376760277 1.0 758
1662376761587 1.0 759
1662376762847 1.0 760
1662376764106 0.984375 761
1662376765377 1.0 762
1662376766740 0.953125 763
1662376767987 1.0 764
1662376769239 1.0 765
1662376770532 1.0 766
1662376771816 1.0 767
1662376773051 1.0 768
1662376774315 1.0 769
1662376775569 1.0 770
1662376776840 0.9824561403508771 771
1662376778109 1.0 772
1662376779366 0.98 773
1662376780576 0.96875 774
1662376781812 0.953125 775
1662376783057 1.0 776
1662376784307 0.9818181818181818 777
1662376785569 0.96875 778
1662376786853 1.0 779
1662376788098 1.0 780
1662376789394 1.0 781
1662376790666 0.984375 782
1662376791921 1.0 783
1662376793212 1.0 784
1662376794517 0.9838709677419355 785
1662376795811 1.0 786
1662376797085 0.9827586206896551 787
1662376798343 1.0 788
1662376799636 0.984375 789
1662376800905 1.0 790
1662376802176 0.98 791
1662376803452 1.0 792
1662376804719 0.9818181818181818 793
1662376805985 0.890625 794
1662376807210 1.0 795
1662376808434 0.9672131147540983 796
1662376809683 0.9444444444444444 797
1662376810954 1.0 798
1662376811701 1.0 799
